#   100  for weightfunction of H2O_TIP                 
 0.0000000    0.1022549893E+002    
 0.0101010    0.1021899130E+002    
 0.0202020    0.1023700331E+002    
 0.0303030    0.1024243963E+002    
 0.0404040    0.1025823994E+002    
 0.0505051    0.1029305935E+002    
 0.0606061    0.1033090650E+002    
 0.0707071    0.1037386845E+002    
 0.0808081    0.1041561737E+002    
 0.0909091    0.1048345881E+002    
 0.1010101    0.1056157037E+002    
 0.1111111    0.1065365791E+002    
 0.1212121    0.1074506563E+002    
 0.1313131    0.1085072278E+002    
 0.1414141    0.1096212523E+002    
 0.1515152    0.1108018476E+002    
 0.1616162    0.1123425507E+002    
 0.1717172    0.1138168810E+002    
 0.1818182    0.1155640102E+002    
 0.1919192    0.1171697777E+002    
 0.2020202    0.1190212633E+002    
 0.2121212    0.1208831720E+002    
 0.2222222    0.1230437780E+002    
 0.2323232    0.1247956541E+002    
 0.2424242    0.1268155987E+002    
 0.2525253    0.1288792103E+002    
 0.2626263    0.1304233971E+002    
 0.2727273    0.1319649575E+002    
 0.2828283    0.1334900881E+002    
 0.2929293    0.1346299024E+002    
 0.3030303    0.1355574378E+002    
 0.3131313    0.1365209801E+002    
 0.3232323    0.1372993535E+002    
 0.3333333    0.1379813377E+002    
 0.3434343    0.1387294703E+002    
 0.3535354    0.1393332106E+002    
 0.3636364    0.1398998042E+002    
 0.3737374    0.1401380633E+002    
 0.3838384    0.1407693677E+002    
 0.3939394    0.1410870473E+002    
 0.4040404    0.1413571955E+002    
 0.4141414    0.1416996698E+002    
 0.4242424    0.1420898514E+002    
 0.4343434    0.1425210944E+002    
 0.4444444    0.1427839588E+002    
 0.4545455    0.1427985057E+002    
 0.4646465    0.1430777622E+002    
 0.4747475    0.1434008737E+002    
 0.4848485    0.1434939107E+002    
 0.4949495    0.1437081175E+002    
 0.5050505    0.1439772390E+002    
 0.5151515    0.1441770097E+002    
 0.5252525    0.1440059738E+002    
 0.5353535    0.1443063684E+002    
 0.5454545    0.1443396827E+002    
 0.5555556    0.1444477056E+002    
 0.5656566    0.1447395909E+002    
 0.5757576    0.1446695322E+002    
 0.5858586    0.1448646506E+002    
 0.5959596    0.1449294543E+002    
 0.6060606    0.1448830848E+002    
 0.6161616    0.1448318925E+002    
 0.6262626    0.1445540078E+002    
 0.6363636    0.1440484447E+002    
 0.6464646    0.1437024149E+002    
 0.6565657    0.1431025350E+002    
 0.6666667    0.1421813344E+002    
 0.6767677    0.1413429883E+002    
 0.6868687    0.1400439733E+002    
 0.6969697    0.1391873058E+002    
 0.7070707    0.1378795067E+002    
 0.7171717    0.1364663660E+002    
 0.7272727    0.1347924134E+002    
 0.7373737    0.1330134381E+002    
 0.7474747    0.1311728387E+002    
 0.7575758    0.1289520104E+002    
 0.7676768    0.1268777611E+002    
 0.7777778    0.1243668027E+002    
 0.7878788    0.1215453501E+002    
 0.7979798    0.1186786210E+002    
 0.8080808    0.1158515989E+002    
 0.8181818    0.1122340283E+002    
 0.8282828    0.1085983823E+002    
 0.8383838    0.1047760841E+002    
 0.8484848    0.1005420445E+002    
 0.8585859    0.9631335276E+001    
 0.8686869    0.9148057409E+001    
 0.8787879    0.8663067487E+001    
 0.8888889    0.8091588568E+001    
 0.8989899    0.7529193219E+001    
 0.9090909    0.6923089387E+001    
 0.9191919    0.6266484667E+001    
 0.9292929    0.5583034282E+001    
 0.9393939    0.4862962734E+001    
 0.9494949    0.4107496450E+001    
 0.9595960    0.3273215304E+001    
 0.9696970    0.2439401377E+001    
 0.9797980    0.1498713318E+001    
 0.9898990    0.5133744395E+000    
 1.0000000    0.0000000000E+000    


#   100  for weightfunction of H2_H2                   
 0.0000000    0.2691939383E+001    
 0.0101010    0.2674795293E+001    
 0.0202020    0.2688338237E+001    
 0.0303030    0.2690837853E+001    
 0.0404040    0.2715924362E+001    
 0.0505051    0.2728785307E+001    
 0.0606061    0.2748206905E+001    
 0.0707071    0.2768093205E+001    
 0.0808081    0.2812555218E+001    
 0.0909091    0.2845417036E+001    
 0.1010101    0.2893558887E+001    
 0.1111111    0.2947206458E+001    
 0.1212121    0.3007863890E+001    
 0.1313131    0.3081723117E+001    
 0.1414141    0.3145647311E+001    
 0.1515152    0.3240569270E+001    
 0.1616162    0.3339270099E+001    
 0.1717172    0.3434574738E+001    
 0.1818182    0.3565987180E+001    
 0.1919192    0.3671007014E+001    
 0.2020202    0.3824523136E+001    
 0.2121212    0.3963266436E+001    
 0.2222222    0.4115525915E+001    
 0.2323232    0.4276177572E+001    
 0.2424242    0.4450474660E+001    
 0.2525253    0.4624339873E+001    
 0.2626263    0.4803341779E+001    
 0.2727273    0.4989083440E+001    
 0.2828283    0.5154511113E+001    
 0.2929293    0.5335403505E+001    
 0.3030303    0.5480663608E+001    
 0.3131313    0.5650080090E+001    
 0.3232323    0.5765737084E+001    
 0.3333333    0.5905075739E+001    
 0.3434343    0.6011430110E+001    
 0.3535354    0.6104629765E+001    
 0.3636364    0.6194489993E+001    
 0.3737374    0.6280485736E+001    
 0.3838384    0.6356977153E+001    
 0.3939394    0.6438023528E+001    
 0.4040404    0.6496532673E+001    
 0.4141414    0.6565690765E+001    
 0.4242424    0.6642590485E+001    
 0.4343434    0.6698174748E+001    
 0.4444444    0.6746388113E+001    
 0.4545455    0.6799330465E+001    
 0.4646465    0.6864310549E+001    
 0.4747475    0.6918035503E+001    
 0.4848485    0.6948039474E+001    
 0.4949495    0.6994735020E+001    
 0.5050505    0.7050328621E+001    
 0.5151515    0.7079840110E+001    
 0.5252525    0.7125383394E+001    
 0.5353535    0.7167456067E+001    
 0.5454545    0.7194582364E+001    
 0.5555556    0.7237856449E+001    
 0.5656566    0.7272060172E+001    
 0.5757576    0.7315434149E+001    
 0.5858586    0.7353858407E+001    
 0.5959596    0.7372975091E+001    
 0.6060606    0.7377106404E+001    
 0.6161616    0.7392543381E+001    
 0.6262626    0.7393706423E+001    
 0.6363636    0.7390086821E+001    
 0.6464646    0.7383978364E+001    
 0.6565657    0.7388882893E+001    
 0.6666667    0.7392632027E+001    
 0.6767677    0.7369939264E+001    
 0.6868687    0.7379327378E+001    
 0.6969697    0.7379118131E+001    
 0.7070707    0.7368595522E+001    
 0.7171717    0.7365413072E+001    
 0.7272727    0.7362332593E+001    
 0.7373737    0.7358081067E+001    
 0.7474747    0.7353602468E+001    
 0.7575758    0.7356258981E+001    
 0.7676768    0.7350554967E+001    
 0.7777778    0.7340504558E+001    
 0.7878788    0.7347185949E+001    
 0.7979798    0.7333973974E+001    
 0.8080808    0.7332136718E+001    
 0.8181818    0.7320844398E+001    
 0.8282828    0.7321812228E+001    
 0.8383838    0.7312652105E+001    
 0.8484848    0.7309736858E+001    
 0.8585859    0.7303302567E+001    
 0.8686869    0.7289935119E+001    
 0.8787879    0.7294233480E+001    
 0.8888889    0.7284255956E+001    
 0.8989899    0.7292833602E+001    
 0.9090909    0.7272333931E+001    
 0.9191919    0.7261549223E+001    
 0.9292929    0.7258962449E+001    
 0.9393939    0.7256615639E+001    
 0.9494949    0.7251796907E+001    
 0.9595960    0.7242925673E+001    
 0.9696970    0.7235931363E+001    
 0.9797980    0.7231887037E+001    
 0.9898990    0.7211328093E+001    
 1.0000000    0.7206118738E+001    


