# Evolution of the weightfunction during equilibration phase for fractional: H2_H2
# Weightfunction after cycle        240
 0.0000000    0.8102162660E+000
 0.0101010    0.9930721760E+000
 0.0202020    0.1106615120E+001
 0.0303030    0.8091147360E+000
 0.0404040    0.3342012450E+000
 0.0505051    0.1947062190E+001
 0.0606061    0.1366483788E+001
 0.0707071    0.6863700880E+000
 0.0808081    0.9308321010E+000
 0.0909091    0.1163693919E+001
 0.1010101    0.1011835770E+001
 0.1111111    0.2654833410E+000
 0.1212121    0.2026140773E+001
 0.1313131    0.0000000000E+000
 0.1414141    0.1063924194E+001
 0.1515152    0.1458846153E+001
 0.1616162    0.1575469820E+000
 0.1717172    0.1852851621E+001
 0.1818182    0.1984264063E+001
 0.1919192    0.1289283897E+001
 0.2020202    0.1742800019E+001
 0.2121212    0.7815433190E+000
 0.2222222    0.1933802798E+001
 0.2323232    0.2094454455E+001
 0.2424242    0.2268751543E+001
 0.2525253    0.2942616756E+001
 0.2626263    0.2621618662E+001
 0.2727273    0.2907360323E+001
 0.2828283    0.2872787996E+001
 0.2929293    0.3253680388E+001
 0.3030303    0.2498940491E+001
 0.3131313    0.3368356973E+001
 0.3232323    0.3884013967E+001
 0.3333333    0.3623352622E+001
 0.3434343    0.3929706993E+001
 0.3535354    0.3622906648E+001
 0.3636364    0.4012766876E+001
 0.3737374    0.4098762619E+001
 0.3838384    0.4175254036E+001
 0.3939394    0.4656300411E+001
 0.4040404    0.5414809556E+001
 0.4141414    0.4883967648E+001
 0.4242424    0.5160867368E+001
 0.4343434    0.4716451631E+001
 0.4444444    0.5264664996E+001
 0.4545455    0.4917607348E+001
 0.4646465    0.5782587432E+001
 0.4747475    0.5536312386E+001
 0.4848485    0.4266316357E+001
 0.4949495    0.4813011903E+001
 0.5050505    0.5068605504E+001
 0.5151515    0.4698116993E+001
 0.5252525    0.5543660277E+001
 0.5353535    0.5285732950E+001
 0.5454545    0.4612859247E+001
 0.5555556    0.4756133332E+001
 0.5656566    0.5890337055E+001
 0.5757576    0.4933711032E+001
 0.5858586    0.5572135290E+001
 0.5959596    0.5491251974E+001
 0.6060606    0.5895383287E+001
 0.6161616    0.5210820264E+001
 0.6262626    0.5311983306E+001
 0.6363636    0.5408363704E+001
 0.6464646    0.5502255247E+001
 0.6565657    0.6007159776E+001
 0.6666667    0.5210908910E+001
 0.6767677    0.4788216147E+001
 0.6868687    0.5197604261E+001
 0.6969697    0.4997395014E+001
 0.7070707    0.5286872405E+001
 0.7171717    0.5283689955E+001
 0.7272727    0.5580609476E+001
 0.7373737    0.5076357950E+001
 0.7474747    0.4971879351E+001
 0.7575758    0.5674535864E+001
 0.7676768    0.5568831850E+001
 0.7777778    0.5258781441E+001
 0.7878788    0.5665462832E+001
 0.7979798    0.5452250857E+001
 0.8080808    0.5250413601E+001
 0.8181818    0.5439121281E+001
 0.8282828    0.4740089111E+001
 0.8383838    0.5630928988E+001
 0.8484848    0.5928013741E+001
 0.8585859    0.5621579450E+001
 0.8686869    0.5508212002E+001
 0.8787879    0.5212510363E+001
 0.8888889    0.5402532839E+001
 0.8989899    0.5411110485E+001
 0.9090909    0.5690610814E+001
 0.9191919    0.5179826106E+001
 0.9292929    0.5677239332E+001
 0.9393939    0.5874892522E+001
 0.9494949    0.4270073790E+001
 0.9595960    0.6061202556E+001
 0.9696970    0.4754208246E+001
 0.9797980    0.4350163920E+001
 0.9898990    0.5629604976E+001
 1.0000000    0.5524395621E+001


# Weightfunction after cycle        750
 0.0000000    0.2011015300E+000
 0.0101010    0.3172907733E+000
 0.0202020    0.3641670507E+000
 0.0303030    0.0000000000E+000
 0.0404040    0.7250865090E+000
 0.0505051    0.9379474540E+000
 0.0606061    0.4907023853E+000
 0.0707071    0.7439220187E+000
 0.0808081    0.1255050698E+001
 0.0909091    0.1021245850E+001
 0.1010101    0.1336054367E+001
 0.1111111    0.1589701938E+001
 0.1212121    0.1083692704E+001
 0.1313131    0.1124218597E+001
 0.1414141    0.5881427913E+000
 0.1515152    0.1649731417E+001
 0.1616162    0.1481765579E+001
 0.1717172    0.1510403552E+001
 0.1818182    0.1241815994E+001
 0.1919192    0.1746835828E+001
 0.2020202    0.2000351950E+001
 0.2121212    0.1572428583E+001
 0.2222222    0.2391354729E+001
 0.2323232    0.2218673052E+001
 0.2424242    0.1992970140E+001
 0.2525253    0.2666835353E+001
 0.2626263    0.2145837259E+001
 0.2727273    0.3164912254E+001
 0.2828283    0.3130339927E+001
 0.2929293    0.3711232319E+001
 0.3030303    0.3489825755E+001
 0.3131313    0.3825908904E+001
 0.3232323    0.3808232564E+001
 0.3333333    0.4280904553E+001
 0.3434343    0.4120592257E+001
 0.3535354    0.4547125245E+001
 0.3636364    0.4803652140E+001
 0.3737374    0.4622981216E+001
 0.3838384    0.5899472633E+001
 0.3939394    0.4913852342E+001
 0.4040404    0.5205694820E+001
 0.4141414    0.5674852912E+001
 0.4242424    0.5351752632E+001
 0.4343434    0.5707336895E+001
 0.4444444    0.5188883593E+001
 0.4545455    0.5441825945E+001
 0.4646465    0.5840139363E+001
 0.4747475    0.5993864317E+001
 0.4848485    0.5790534954E+001
 0.4949495    0.5603897167E+001
 0.5050505    0.6459490768E+001
 0.5151515    0.6489002257E+001
 0.5252525    0.6267878874E+001
 0.5353535    0.6943284881E+001
 0.5454545    0.5870411178E+001
 0.5555556    0.6613685263E+001
 0.5656566    0.5947888986E+001
 0.5757576    0.6124596296E+001
 0.5858586    0.6696353887E+001
 0.5959596    0.7082137238E+001
 0.6060606    0.7152935218E+001
 0.6161616    0.6535038861E+001
 0.6262626    0.7569535237E+001
 0.6363636    0.7665915635E+001
 0.6464646    0.6759807178E+001
 0.6565657    0.7131378373E+001
 0.6666667    0.7335127507E+001
 0.6767677    0.6512434744E+001
 0.6868687    0.7521822858E+001
 0.6969697    0.7388280278E+001
 0.7070707    0.7944424336E+001
 0.7171717    0.7541241886E+001
 0.7272727    0.7971494740E+001
 0.7373737    0.8000576547E+001
 0.7474747    0.7896097948E+001
 0.7575758    0.8065421128E+001
 0.7676768    0.7226383781E+001
 0.7777778    0.7849666705E+001
 0.7878788    0.7856348096E+001
 0.7979798    0.7176469454E+001
 0.8080808    0.6907965532E+001
 0.8181818    0.7230006545E+001
 0.8282828    0.6730974375E+001
 0.8383838    0.7288480919E+001
 0.8484848    0.7518899005E+001
 0.8585859    0.6745798047E+001
 0.8686869    0.7099097266E+001
 0.8787879    0.6803395627E+001
 0.8888889    0.6926751436E+001
 0.8989899    0.6935329082E+001
 0.9090909    0.6814829411E+001
 0.9191919    0.6504044703E+001
 0.9292929    0.6201457929E+001
 0.9393939    0.6199111119E+001
 0.9494949    0.6594292387E+001
 0.9595960    0.6518754487E+001
 0.9696970    0.6945093510E+001
 0.9797980    0.5874382517E+001
 0.9898990    0.6220490240E+001
 1.0000000    0.6915280885E+001


# Weightfunction after cycle       1301
 0.0000000    0.8349572891E+000
 0.0101010    0.3289243102E+000
 0.0202020    0.6468947644E-001
 0.0303030    0.6338557591E+000
 0.0404040    0.3811644903E+000
 0.0505051    0.5940254353E+000
 0.0606061    0.5023359222E+000
 0.0707071    0.0000000000E+000
 0.0808081    0.6444620130E+000
 0.0909091    0.3217682754E+000
 0.1010101    0.5879901533E-001
 0.1111111    0.2680021419E+000
 0.1212121    0.3397706850E+000
 0.1313131    0.2025188009E+000
 0.1414141    0.6886652171E+000
 0.1515152    0.8613649539E+000
 0.1616162    0.2933991162E+000
 0.1717172    0.9442593108E+000
 0.1818182    0.1164560642E+001
 0.1919192    0.1091802698E+001
 0.2020202    0.1256429931E+001
 0.2121212    0.1006284342E+001
 0.2222222    0.1069654932E+001
 0.2323232    0.1741417700E+001
 0.2424242    0.1649048122E+001
 0.2525253    0.1922913335E+001
 0.2626263    0.2068581907E+001
 0.2727273    0.2332101346E+001
 0.2828283    0.2253084575E+001
 0.2929293    0.1945088078E+001
 0.3030303    0.2657014847E+001
 0.3131313    0.2770875774E+001
 0.3232323    0.3197643879E+001
 0.3333333    0.3048093645E+001
 0.3434343    0.3154448016E+001
 0.3535354    0.3492092116E+001
 0.3636364    0.3615285677E+001
 0.3737374    0.4234614753E+001
 0.3838384    0.3688883948E+001
 0.3939394    0.4347708101E+001
 0.4040404    0.4683995024E+001
 0.4141414    0.4397597560E+001
 0.4242424    0.4830052836E+001
 0.4343434    0.4785637099E+001
 0.4444444    0.4400517130E+001
 0.4545455    0.4697903927E+001
 0.4646465    0.5185106233E+001
 0.4747475    0.4449942298E+001
 0.4848485    0.4868835158E+001
 0.4949495    0.5126641815E+001
 0.5050505    0.5226679860E+001
 0.5151515    0.4545080238E+001
 0.5252525    0.4457290189E+001
 0.5353535    0.4732696195E+001
 0.5454545    0.5748711381E+001
 0.5555556    0.5380874355E+001
 0.5656566    0.5115078078E+001
 0.5757576    0.5114007611E+001
 0.5858586    0.5107987424E+001
 0.5959596    0.5760437442E+001
 0.6060606    0.5609013199E+001
 0.6161616    0.5968894620E+001
 0.6262626    0.5981168774E+001
 0.6363636    0.5944215838E+001
 0.6464646    0.6149218492E+001
 0.6565657    0.5765234132E+001
 0.6666667    0.6413427711E+001
 0.6767677    0.6124068281E+001
 0.6868687    0.6600123062E+001
 0.6969697    0.6111024926E+001
 0.7070707    0.6489391206E+001
 0.7171717    0.6308430978E+001
 0.7272727    0.6605350499E+001
 0.7373737    0.6278876751E+001
 0.7474747    0.6796620374E+001
 0.7575758    0.6743721332E+001
 0.7676768    0.5815795095E+001
 0.7777778    0.6394633575E+001
 0.7878788    0.6401314966E+001
 0.7979798    0.6743658547E+001
 0.8080808    0.6564043513E+001
 0.8181818    0.6663862304E+001
 0.8282828    0.6564830134E+001
 0.8383838    0.6677892233E+001
 0.8484848    0.6374976986E+001
 0.8585859    0.6401876029E+001
 0.8686869    0.6177397470E+001
 0.8787879    0.6548362497E+001
 0.8888889    0.6316162751E+001
 0.8989899    0.6146962619E+001
 0.9090909    0.6470907393E+001
 0.9191919    0.6515678240E+001
 0.9292929    0.6168647022E+001
 0.9393939    0.6432966878E+001
 0.9494949    0.6561481480E+001
 0.9595960    0.5908165801E+001
 0.9696970    0.6112282602E+001
 0.9797980    0.6152682721E+001
 0.9898990    0.6321012666E+001
 1.0000000    0.6704692200E+001


# Weightfunction after cycle       1912
 0.0000000    0.4973978263E+000
 0.0101010    0.4061796622E+000
 0.0202020    0.5567596433E+000
 0.0303030    0.0000000000E+000
 0.0404040    0.8436050275E+000
 0.0505051    0.6120215281E+000
 0.0606061    0.6981097927E+000
 0.0707071    0.6698479446E+000
 0.0808081    0.6624581057E+000
 0.0909091    0.6064310349E+000
 0.1010101    0.6397580710E+000
 0.1111111    0.7600723087E+000
 0.1212121    0.9799890000E+000
 0.1313131    0.7242185973E+000
 0.1414141    0.8844390876E+000
 0.1515152    0.1205286973E+001
 0.1616162    0.6373211349E+000
 0.1717172    0.7252183665E+000
 0.1818182    0.8566308085E+000
 0.1919192    0.9912802721E+000
 0.2020202    0.1481833431E+001
 0.2121212    0.1379835990E+001
 0.2222222    0.1383947321E+001
 0.2323232    0.1907561941E+001
 0.2424242    0.1696673844E+001
 0.2525253    0.1763131650E+001
 0.2626263    0.2442133556E+001
 0.2727273    0.2527875217E+001
 0.2828283    0.2508117704E+001
 0.2929293    0.2733454541E+001
 0.3030303    0.3267603533E+001
 0.3131313    0.3055538533E+001
 0.3232323    0.3186010342E+001
 0.3333333    0.3362386034E+001
 0.3434343    0.3142814479E+001
 0.3535354    0.3776754875E+001
 0.3636364    0.3544392881E+001
 0.3737374    0.3985944179E+001
 0.3838384    0.4062435596E+001
 0.3939394    0.3891630119E+001
 0.4040404    0.4642731857E+001
 0.4141414    0.4385964023E+001
 0.4242424    0.4136937817E+001
 0.4343434    0.4507336895E+001
 0.4444444    0.4685179890E+001
 0.4545455    0.4478862982E+001
 0.4646465    0.4788287511E+001
 0.4747475    0.4942012465E+001
 0.4848485    0.5123868288E+001
 0.4949495    0.5618711982E+001
 0.5050505    0.5185416694E+001
 0.5151515    0.4977891146E+001
 0.5252525    0.5304915911E+001
 0.5353535    0.4898840436E+001
 0.5454545    0.5470411178E+001
 0.5555556    0.5458129707E+001
 0.5656566    0.5814555652E+001
 0.5757576    0.5843114815E+001
 0.5858586    0.5925983517E+001
 0.5959596    0.6163618719E+001
 0.6060606    0.6101083366E+001
 0.6161616    0.6135038861E+001
 0.6262626    0.5999164866E+001
 0.6363636    0.6673323042E+001
 0.6464646    0.6078325696E+001
 0.6565657    0.6701748744E+001
 0.6666667    0.6816608989E+001
 0.6767677    0.6912434744E+001
 0.6868687    0.7210711747E+001
 0.6969697    0.7195687685E+001
 0.7070707    0.7099979891E+001
 0.7171717    0.6830130775E+001
 0.7272727    0.6919642888E+001
 0.7373737    0.7067243214E+001
 0.7474747    0.7022023874E+001
 0.7575758    0.7117272980E+001
 0.7676768    0.6989346744E+001
 0.7777778    0.7420037075E+001
 0.7878788    0.7337829577E+001
 0.7979798    0.7383876862E+001
 0.8080808    0.7382039606E+001
 0.8181818    0.7333710249E+001
 0.8282828    0.7116159560E+001
 0.8383838    0.7406999437E+001
 0.8484848    0.7252232338E+001
 0.8585859    0.7101353603E+001
 0.8686869    0.7291689859E+001
 0.8787879    0.7188580812E+001
 0.8888889    0.7519344029E+001
 0.8989899    0.7231625379E+001
 0.9090909    0.7140755337E+001
 0.9191919    0.7037378037E+001
 0.9292929    0.7164420892E+001
 0.9393939    0.7428740749E+001
 0.9494949    0.7972070165E+001
 0.9595960    0.7318754487E+001
 0.9696970    0.7226574991E+001
 0.9797980    0.6792901036E+001
 0.9898990    0.6842712462E+001
 1.0000000    0.7078243848E+001


# Weightfunction after cycle       3206
 0.0000000    0.1872630877E+000
 0.0101010    0.2738227014E+000
 0.0202020    0.1873656454E+000
 0.0303030    0.3812232861E+000
 0.0404040    0.3359394248E+000
 0.0505051    0.5586769130E+000
 0.0606061    0.4472343134E+000
 0.0707071    0.4782317246E+000
 0.0808081    0.1350394166E+000
 0.0909091    0.0000000000E+000
 0.1010101    0.6061665424E+000
 0.1111111    0.4301844837E+000
 0.1212121    0.6698542614E+000
 0.1313131    0.4930962045E+000
 0.1414141    0.5150450898E+000
 0.1515152    0.7173744562E+000
 0.1616162    0.9197789889E+000
 0.1717172    0.1185453998E+001
 0.1818182    0.1356372613E+001
 0.1919192    0.1214478867E+001
 0.2020202    0.9544147420E+000
 0.2121212    0.1267232116E+001
 0.2222222    0.1093565669E+001
 0.2323232    0.1557921030E+001
 0.2424242    0.1406292192E+001
 0.2525253    0.1749293207E+001
 0.2626263    0.1677677829E+001
 0.2727273    0.2197987392E+001
 0.2828283    0.2099217534E+001
 0.2929293    0.2285048197E+001
 0.3030303    0.2522900893E+001
 0.3131313    0.2389848239E+001
 0.3232323    0.2994394122E+001
 0.3333333    0.2755954999E+001
 0.3434343    0.3563543938E+001
 0.3535354    0.3150570754E+001
 0.3636364    0.3214505056E+001
 0.3737374    0.3853587219E+001
 0.3838384    0.3791807031E+001
 0.3939394    0.3660507727E+001
 0.4040404    0.3601732921E+001
 0.4141414    0.4135088544E+001
 0.4242424    0.3629272214E+001
 0.4343434    0.4058930552E+001
 0.4444444    0.4533069842E+001
 0.4545455    0.4465024540E+001
 0.4646465    0.4201609562E+001
 0.4747475    0.4473853035E+001
 0.4848485    0.4833486636E+001
 0.4949495    0.4617219219E+001
 0.5050505    0.4974047387E+001
 0.5151515    0.4806028012E+001
 0.5252525    0.4856509568E+001
 0.5353535    0.4786236562E+001
 0.5454545    0.4824473970E+001
 0.5555556    0.4673920894E+001
 0.5656566    0.4556272766E+001
 0.5757576    0.4545325755E+001
 0.5858586    0.4746712976E+001
 0.5959596    0.5102866697E+001
 0.6060606    0.4882306652E+001
 0.6161616    0.5054533752E+001
 0.6262626    0.5037178276E+001
 0.6363636    0.5079237686E+001
 0.6464646    0.5471894661E+001
 0.6565657    0.5087910301E+001
 0.6666667    0.5044745855E+001
 0.6767677    0.5219583956E+001
 0.6868687    0.4866009107E+001
 0.6969697    0.4850985046E+001
 0.7070707    0.4992314288E+001
 0.7171717    0.5097773814E+001
 0.7272727    0.5444076051E+001
 0.7373737    0.5097849216E+001
 0.7474747    0.4953864444E+001
 0.7575758    0.5088619723E+001
 0.7676768    0.5079212005E+001
 0.7777778    0.5213606041E+001
 0.7878788    0.5447447925E+001
 0.7979798    0.5098433481E+001
 0.8080808    0.5195361657E+001
 0.8181818    0.5324810078E+001
 0.8282828    0.5285037167E+001
 0.8383838    0.5299333834E+001
 0.8484848    0.5144566736E+001
 0.8585859    0.5309737383E+001
 0.8686869    0.5223530429E+001
 0.8787879    0.5041409037E+001
 0.8888889    0.5174641389E+001
 0.8989899    0.5301737554E+001
 0.9090909    0.5171361339E+001
 0.9191919    0.5324774162E+001
 0.9292929    0.5155520722E+001
 0.9393939    0.5321075146E+001
 0.9494949    0.5489095920E+001
 0.9595960    0.5132076538E+001
 0.9696970    0.5790514327E+001
 0.9797980    0.5356840371E+001
 0.9898990    0.5189367847E+001
 1.0000000    0.4911318986E+001


# Weightfunction after cycle       4259
 0.0000000    0.0000000000E+000
 0.0101010    0.7318271034E+000
 0.0202020    0.3424893890E+000
 0.0303030    0.4705034083E+000
 0.0404040    0.5700755140E+000
 0.0505051    0.5536444252E-001
 0.0606061    0.2863086743E+000
 0.0707071    0.2777999125E+000
 0.0808081    0.6457187157E+000
 0.0909091    0.2736422621E+000
 0.1010101    0.3662285575E+000
 0.1111111    0.6379831244E+000
 0.1212121    0.3377352066E+000
 0.1313131    0.3585080138E+000
 0.1414141    0.1960947593E+000
 0.1515152    0.5037739199E+000
 0.1616162    0.6271661069E+000
 0.1717172    0.6689728036E+000
 0.1818182    0.8267226941E+000
 0.1919192    0.6979976722E+000
 0.2020202    0.9383450699E+000
 0.2121212    0.1014125407E+001
 0.2222222    0.1130170894E+001
 0.2323232    0.1436501563E+001
 0.2424242    0.1535078487E+001
 0.2525253    0.1746392260E+001
 0.2626263    0.1898645194E+001
 0.2727273    0.2050230477E+001
 0.2828283    0.2280678726E+001
 0.2929293    0.2203134904E+001
 0.3030303    0.2124938217E+001
 0.3131313    0.2637153053E+001
 0.3232323    0.2754456137E+001
 0.3333333    0.2779391500E+001
 0.3434343    0.3033894019E+001
 0.3535354    0.2976476390E+001
 0.3636364    0.3488147318E+001
 0.3737374    0.3639986682E+001
 0.3838384    0.3762568634E+001
 0.3939394    0.3947318713E+001
 0.4040404    0.4059737323E+001
 0.4141414    0.4026837802E+001
 0.4242424    0.4047770444E+001
 0.4343434    0.4174548122E+001
 0.4444444    0.4108769718E+001
 0.4545455    0.4409448695E+001
 0.4646465    0.4119696269E+001
 0.4747475    0.4418277190E+001
 0.4848485    0.4369680338E+001
 0.4949495    0.4640655719E+001
 0.5050505    0.4483903641E+001
 0.5151515    0.4697777270E+001
 0.5252525    0.4577065410E+001
 0.5353535    0.4664817096E+001
 0.5454545    0.4729391952E+001
 0.5555556    0.4855382087E+001
 0.5656566    0.4816746303E+001
 0.5757576    0.4845305466E+001
 0.5858586    0.4928174168E+001
 0.5959596    0.4928772334E+001
 0.6060606    0.4984755498E+001
 0.6161616    0.5170151323E+001
 0.6262626    0.5007939880E+001
 0.6363636    0.5102674187E+001
 0.6464646    0.5205619228E+001
 0.6565657    0.5559083428E+001
 0.6666667    0.5463244084E+001
 0.6767677    0.5387876424E+001
 0.6868687    0.5561050546E+001
 0.6969697    0.5559195209E+001
 0.7070707    0.5687355727E+001
 0.7171717    0.5608453113E+001
 0.7272727    0.5744055761E+001
 0.7373737    0.5608528515E+001
 0.7474747    0.5727918229E+001
 0.7575758    0.5572961573E+001
 0.7676768    0.5603060028E+001
 0.7777778    0.5474079578E+001
 0.7878788    0.5563065496E+001
 0.7979798    0.5530100435E+001
 0.8080808    0.5653366059E+001
 0.8181818    0.5703802134E+001
 0.8282828    0.5598185602E+001
 0.8383838    0.5401782681E+001
 0.8484848    0.5457715170E+001
 0.8585859    0.5399017505E+001
 0.8686869    0.5312810551E+001
 0.8787879    0.5315051299E+001
 0.8888889    0.5184909166E+001
 0.8989899    0.5391017676E+001
 0.9090909    0.5273810186E+001
 0.9191919    0.5545741527E+001
 0.9292929    0.5205294671E+001
 0.9393939    0.5542042511E+001
 0.9494949    0.5170145590E+001
 0.9595960    0.5260862833E+001
 0.9696970    0.4944815025E+001
 0.9797980    0.5367108148E+001
 0.9898990    0.5449841385E+001
 1.0000000    0.5421998285E+001


# Weightfunction after cycle       5276
 0.0000000    0.0000000000E+000
 0.0101010    0.4069985712E+000
 0.0202020    0.1669063986E+000
 0.0303030    0.2861412684E+000
 0.0404040    0.4822840188E+000
 0.0505051    0.2748431805E+000
 0.0606061    0.4618916647E+000
 0.0707071    0.3831497068E+000
 0.0808081    0.7507399687E-001
 0.0909091    0.1156175707E+000
 0.1010101    0.4627992022E+000
 0.1111111    0.5677499282E+000
 0.1212121    0.5308764960E+000
 0.1313131    0.4550786586E+000
 0.1414141    0.5911564877E+000
 0.1515152    0.7934858541E+000
 0.1616162    0.5920495089E+000
 0.1717172    0.6338562055E+000
 0.1818182    0.8706184417E+000
 0.1919192    0.9262555597E+000
 0.2020202    0.8944493223E+000
 0.2121212    0.1040462855E+001
 0.2222222    0.1305753885E+001
 0.2323232    0.1506734760E+001
 0.2424242    0.1622869982E+001
 0.2525253    0.1570809269E+001
 0.2626263    0.1881086895E+001
 0.2727273    0.2050230477E+001
 0.2828283    0.2157770633E+001
 0.2929293    0.2176797455E+001
 0.3030303    0.2555116543E+001
 0.3131313    0.2602036455E+001
 0.3232323    0.2526198250E+001
 0.3333333    0.2946195341E+001
 0.3434343    0.2954881674E+001
 0.3535354    0.3380317268E+001
 0.3636364    0.3295006028E+001
 0.3737374    0.3499520290E+001
 0.3838384    0.3745010335E+001
 0.3939394    0.3613711031E+001
 0.4040404    0.3761246239E+001
 0.4141414    0.3903929708E+001
 0.4242424    0.4100445341E+001
 0.4343434    0.3779486394E+001
 0.4444444    0.4117548867E+001
 0.4545455    0.4242644854E+001
 0.4646465    0.4216266914E+001
 0.4747475    0.4312927396E+001
 0.4848485    0.4343342889E+001
 0.4949495    0.4359722935E+001
 0.5050505    0.4536578538E+001
 0.5151515    0.4390507037E+001
 0.5252525    0.4498053064E+001
 0.5353535    0.4603363049E+001
 0.5454545    0.4746950251E+001
 0.5555556    0.4758811442E+001
 0.5656566    0.4755292257E+001
 0.5757576    0.4854084615E+001
 0.5858586    0.4822824374E+001
 0.5959596    0.4972668081E+001
 0.6060606    0.4914522302E+001
 0.6161616    0.4933114286E+001
 0.6262626    0.5043056478E+001
 0.6363636    0.5093895037E+001
 0.6464646    0.5038815387E+001
 0.6565657    0.5120125952E+001
 0.6666667    0.5138415552E+001
 0.6767677    0.5185955985E+001
 0.6868687    0.5315234360E+001
 0.6969697    0.5383612219E+001
 0.7070707    0.5380085494E+001
 0.7171717    0.5151937338E+001
 0.7272727    0.5331435734E+001
 0.7373737    0.5380270628E+001
 0.7474747    0.5288960753E+001
 0.7575758    0.5371041134E+001
 0.7676768    0.5251894048E+001
 0.7777778    0.5421404681E+001
 0.7878788    0.5308470160E+001
 0.7979798    0.5293063398E+001
 0.8080808    0.5231966882E+001
 0.8181818    0.5466765097E+001
 0.8282828    0.5247019621E+001
 0.8383838    0.5243757989E+001
 0.8484848    0.5369923675E+001
 0.8585859    0.5223434515E+001
 0.8686869    0.5312810551E+001
 0.8787879    0.5192143205E+001
 0.8888889    0.5114675969E+001
 0.8989899    0.5355901078E+001
 0.9090909    0.5528405522E+001
 0.9191919    0.5378937686E+001
 0.9292929    0.5126282325E+001
 0.9393939    0.5199655680E+001
 0.9494949    0.5099912394E+001
 0.9595960    0.5041384095E+001
 0.9696970    0.5322318455E+001
 0.9797980    0.5454899643E+001
 0.9898990    0.4896754965E+001
 1.0000000    0.5386881687E+001


# Weightfunction after cycle       6711
 0.0000000    0.0000000000E+000
 0.0101010    0.2431211135E+000
 0.0202020    0.2058723992E-001
 0.0303030    0.2861412684E+000
 0.0404040    0.1662346361E+000
 0.0505051    0.1732146127E-001
 0.0606061    0.1224312166E+000
 0.0707071    0.2017139500E+000
 0.0808081    0.1745710248E+000
 0.0909091    0.3367884184E-001
 0.1010101    0.2403940810E+000
 0.1111111    0.4565473676E+000
 0.1212121    0.3260296739E+000
 0.1313131    0.3906982287E+000
 0.1414141    0.3453403011E+000
 0.1515152    0.4715837050E+000
 0.1616162    0.3579388550E+000
 0.1717172    0.6104451401E+000
 0.1818182    0.7008882177E+000
 0.1919192    0.8735806626E+000
 0.2020202    0.1017357416E+001
 0.2121212    0.1145812650E+001
 0.2222222    0.1083348763E+001
 0.2323232    0.1155568779E+001
 0.2424242    0.1242440170E+001
 0.2525253    0.1500576073E+001
 0.2626263    0.1606006877E+001
 0.2727273    0.1710770029E+001
 0.2828283    0.2093390203E+001
 0.2929293    0.2194355754E+001
 0.3030303    0.2309300357E+001
 0.3131313    0.2508392193E+001
 0.3232323    0.2643253577E+001
 0.3333333    0.2717937453E+001
 0.3434343    0.2913912309E+001
 0.3535354    0.3023298521E+001
 0.3636364    0.3230625599E+001
 0.3737374    0.3160059842E+001
 0.3838384    0.3364580523E+001
 0.3939394    0.3666385928E+001
 0.4040404    0.3661749211E+001
 0.4141414    0.3740052251E+001
 0.4242424    0.3813659790E+001
 0.4343434    0.4148210674E+001
 0.4444444    0.3813205017E+001
 0.4545455    0.3967564836E+001
 0.4646465    0.4134328185E+001
 0.4747475    0.4108080574E+001
 0.4848485    0.4214582030E+001
 0.4949495    0.4283636972E+001
 0.5050505    0.4249792987E+001
 0.5151515    0.4419770869E+001
 0.5252525    0.4275647943E+001
 0.5353535    0.4369252395E+001
 0.5454545    0.4512839597E+001
 0.5555556    0.4583228451E+001
 0.5656566    0.4720175659E+001
 0.5757576    0.4538035232E+001
 0.5858586    0.4688210748E+001
 0.5959596    0.4656618698E+001
 0.6060606    0.4815025274E+001
 0.6161616    0.4745825763E+001
 0.6262626    0.4797240291E+001
 0.6363636    0.4912459281E+001
 0.6464646    0.4740324303E+001
 0.6565657    0.4815782102E+001
 0.6666667    0.4962832562E+001
 0.6767677    0.5004520229E+001
 0.6868687    0.5057712641E+001
 0.6969697    0.5149501565E+001
 0.7070707    0.5099152710E+001
 0.7171717    0.5029029245E+001
 0.7272727    0.5050502949E+001
 0.7373737    0.5075926778E+001
 0.7474747    0.5084113931E+001
 0.7575758    0.5101813882E+001
 0.7676768    0.5128985954E+001
 0.7777778    0.5099502532E+001
 0.7878788    0.5097770571E+001
 0.7979798    0.4877516987E+001
 0.8080808    0.5243672415E+001
 0.8181818    0.5092188051E+001
 0.8282828    0.4907559173E+001
 0.8383838    0.4880886476E+001
 0.8484848    0.5071432592E+001
 0.8585859    0.5018587692E+001
 0.8686869    0.5084552663E+001
 0.8787879    0.5057529579E+001
 0.8888889    0.5114675969E+001
 0.8989899    0.4881827004E+001
 0.9090909    0.4954834420E+001
 0.9191919    0.5127268733E+001
 0.9292929    0.4892171671E+001
 0.9393939    0.4830931400E+001
 0.9494949    0.4813126843E+001
 0.9595960    0.4836537273E+001
 0.9696970    0.4731189054E+001
 0.9797980    0.5021794933E+001
 0.9898990    0.4879196666E+001
 1.0000000    0.4936218678E+001


# Weightfunction after cycle       8253
 0.0000000    0.4510804643E-001
 0.0101010    0.1009406368E+000
 0.0202020    0.1320266383E+000
 0.0303030    0.6592390707E-001
 0.0404040    0.9818919980E-001
 0.0505051    0.0000000000E+000
 0.0606061    0.1285208207E+000
 0.0707071    0.2051503106E-001
 0.0808081    0.1221329654E+000
 0.0909091    0.1841366825E+000
 0.1010101    0.1372320467E+000
 0.1111111    0.2675447602E+000
 0.1212121    0.2462787049E+000
 0.1313131    0.2953398829E+000
 0.1414141    0.4723870764E+000
 0.1515152    0.4737714649E+000
 0.1616162    0.3406173937E+000
 0.1717172    0.6789642519E+000
 0.1818182    0.5665114295E+000
 0.1919192    0.7743204724E+000
 0.2020202    0.9649193562E+000
 0.2121212    0.9880247961E+000
 0.2222222    0.1089438367E+001
 0.2323232    0.1157756539E+001
 0.2424242    0.1330468503E+001
 0.2525253    0.1526174898E+001
 0.2626263    0.1748661029E+001
 0.2727273    0.1666135658E+001
 0.2828283    0.1994130013E+001
 0.2929293    0.2200445358E+001
 0.3030303    0.2155414347E+001
 0.3131313    0.2483267043E+001
 0.3232323    0.2555698919E+001
 0.3333333    0.2774751033E+001
 0.3434343    0.2873179782E+001
 0.3535354    0.2947449396E+001
 0.3636364    0.3185991228E+001
 0.3737374    0.3150542069E+001
 0.3838384    0.3292633242E+001
 0.3939394    0.3485187009E+001
 0.4040404    0.3429826317E+001
 0.4141414    0.3695417880E+001
 0.4242424    0.3554423986E+001
 0.4343434    0.3662667905E+001
 0.4444444    0.3768570646E+001
 0.4545455    0.3805875138E+001
 0.4646465    0.3949227422E+001
 0.4747475    0.3766906041E+001
 0.4848485    0.3967051759E+001
 0.4949495    0.3864425555E+001
 0.5050505    0.3865698168E+001
 0.5151515    0.4125418467E+001
 0.5252525    0.3981295542E+001
 0.5353535    0.4156838722E+001
 0.5454545    0.4109235557E+001
 0.5555556    0.4160115190E+001
 0.5656566    0.4265847644E+001
 0.5757576    0.4153940413E+001
 0.5858586    0.4374349125E+001
 0.5959596    0.4307640477E+001
 0.6060606    0.4477752586E+001
 0.6161616    0.4498295492E+001
 0.6262626    0.4436556537E+001
 0.6363636    0.4536168150E+001
 0.6464646    0.4531812475E+001
 0.6565657    0.4517527856E+001
 0.6666667    0.4570934054E+001
 0.6767677    0.4569701435E+001
 0.6868687    0.4669715977E+001
 0.6969697    0.4702977238E+001
 0.7070707    0.4738468956E+001
 0.7171717    0.4703462089E+001
 0.7272727    0.4771757925E+001
 0.7373737    0.4910335236E+001
 0.7474747    0.4778055997E+001
 0.7575758    0.4776246727E+001
 0.7676768    0.4678559783E+001
 0.7777778    0.4731015090E+001
 0.7878788    0.4908767964E+001
 0.7979798    0.4879704747E+001
 0.8080808    0.4707405671E+001
 0.8181818    0.4817344871E+001
 0.8282828    0.4671734435E+001
 0.8383838    0.4781626286E+001
 0.8484848    0.4898037361E+001
 0.8585859    0.4755450045E+001
 0.8686869    0.4708261533E+001
 0.8787879    0.4700747670E+001
 0.8888889    0.4835930945E+001
 0.8989899    0.4739646527E+001
 0.9090909    0.4520015626E+001
 0.9191919    0.4743173914E+001
 0.9292929    0.4679757999E+001
 0.9393939    0.4419523671E+001
 0.9494949    0.4386111737E+001
 0.9595960    0.4499264585E+001
 0.9696970    0.4616321487E+001
 0.9797980    0.4575270607E+001
 0.9898990    0.4538022134E+001
 1.0000000    0.4509203573E+001


# Weightfunction after cycle       9730
 0.0000000    0.0000000000E+000
 0.0101010    0.1941537756E-001
 0.0202020    0.1078018761E-002
 0.0303030    0.1222638106E+000
 0.0404040    0.1181118905E+000
 0.0505051    0.2280210497E+000
 0.0606061    0.1562471999E+000
 0.0707071    0.1470881308E+000
 0.0808081    0.2252949998E+000
 0.0909091    0.1806483079E+000
 0.1010101    0.1909707208E+000
 0.1111111    0.1522035176E+000
 0.1212121    0.3208272149E+000
 0.1313131    0.3334711800E+000
 0.1414141    0.4480888659E+000
 0.1515152    0.5353138275E+000
 0.1616162    0.5062089358E+000
 0.1717172    0.7275004670E+000
 0.1818182    0.6748759228E+000
 0.1919192    0.7526234914E+000
 0.2020202    0.9796395880E+000
 0.2121212    0.1072978224E+001
 0.2222222    0.1163986877E+001
 0.2323232    0.1336354228E+001
 0.2424242    0.1233335866E+001
 0.2525253    0.1460257016E+001
 0.2626263    0.1690546835E+001
 0.2727273    0.1654843595E+001
 0.2828283    0.1951623196E+001
 0.2929293    0.2105913952E+001
 0.3030303    0.2120711219E+001
 0.3131313    0.2482379898E+001
 0.3232323    0.2674468330E+001
 0.3333333    0.2677618396E+001
 0.3434343    0.2911311080E+001
 0.3535354    0.2982979464E+001
 0.3636364    0.3052441379E+001
 0.3737374    0.3274513939E+001
 0.3838384    0.3359378064E+001
 0.3939394    0.3408864209E+001
 0.4040404    0.3517380975E+001
 0.4141414    0.3530653277E+001
 0.4242424    0.3657586020E+001
 0.4343434    0.3737216415E+001
 0.4444444    0.3822309320E+001
 0.4545455    0.3901233484E+001
 0.4646465    0.4044585767E+001
 0.4747475    0.4044350451E+001
 0.4848485    0.3997379368E+001
 0.4949495    0.3977992507E+001
 0.5050505    0.4085915530E+001
 0.5151515    0.4119328863E+001
 0.5252525    0.4198911673E+001
 0.5353535    0.4270405674E+001
 0.5454545    0.4228004969E+001
 0.5555556    0.4328307962E+001
 0.5656566    0.4465255169E+001
 0.5757576    0.4413176217E+001
 0.5858586    0.4425486570E+001
 0.5959596    0.4442017266E+001
 0.6060606    0.4526288801E+001
 0.6161616    0.4531224330E+001
 0.6262626    0.4531914883E+001
 0.6363636    0.4615919119E+001
 0.6464646    0.4559538854E+001
 0.6565657    0.4659708332E+001
 0.6666667    0.4619470269E+001
 0.6767677    0.4719685600E+001
 0.6868687    0.4726055881E+001
 0.6969697    0.4647464274E+001
 0.7070707    0.4747986729E+001
 0.7171717    0.4796219205E+001
 0.7272727    0.4789079386E+001
 0.7373737    0.4750773092E+001
 0.7474747    0.4683524590E+001
 0.7575758    0.4712930074E+001
 0.7676768    0.4737500917E+001
 0.7777778    0.4808164830E+001
 0.7878788    0.4837647623E+001
 0.7979798    0.4720142603E+001
 0.8080808    0.4724727132E+001
 0.8181818    0.4748825759E+001
 0.8282828    0.4759289093E+001
 0.8383838    0.4741720698E+001
 0.8484848    0.4759285053E+001
 0.8585859    0.4754562899E+001
 0.8686869    0.4746392830E+001
 0.8787879    0.4715467902E+001
 0.8888889    0.4819436423E+001
 0.8989899    0.4684133563E+001
 0.9090909    0.4703815774E+001
 0.9191919    0.4786507671E+001
 0.9292929    0.4655459788E+001
 0.9393939    0.4647544721E+001
 0.9494949    0.4645347541E+001
 0.9595960    0.4519187276E+001
 0.9696970    0.4672661390E+001
 0.9797980    0.4678432641E+001
 0.9898990    0.4550141136E+001
 1.0000000    0.4552537329E+001


# Weightfunction after cycle      12144
 0.0000000    0.9865723340E-001
 0.0101010    0.1749173745E-001
 0.0202020    0.6852049831E-001
 0.0303030    0.1567573834E+000
 0.0404040    0.0000000000E+000
 0.0505051    0.1099091592E+000
 0.0606061    0.1577918658E+000
 0.0707071    0.2093281514E+000
 0.0808081    0.1158538742E+000
 0.0909091    0.2446224814E+000
 0.1010101    0.2428058234E+000
 0.1111111    0.2352533741E+000
 0.1212121    0.2738155970E+000
 0.1313131    0.2500423493E+000
 0.1414141    0.4305578488E+000
 0.1515152    0.4536191497E+000
 0.1616162    0.5008169897E+000
 0.1717172    0.6301984124E+000
 0.1818182    0.6868255066E+000
 0.1919192    0.8131293590E+000
 0.2020202    0.8754009214E+000
 0.2121212    0.9271198856E+000
 0.2222222    0.1064950670E+001
 0.2323232    0.1259862009E+001
 0.2424242    0.1410029984E+001
 0.2525253    0.1501687201E+001
 0.2626263    0.1631396147E+001
 0.2727273    0.1840208478E+001
 0.2828283    0.1956636168E+001
 0.2929293    0.2084914629E+001
 0.3030303    0.2319949326E+001
 0.3131313    0.2442304892E+001
 0.3232323    0.2552888134E+001
 0.3333333    0.2758934100E+001
 0.3434343    0.2982221865E+001
 0.3535354    0.3083370850E+001
 0.3636364    0.3275957627E+001
 0.3737374    0.3298602594E+001
 0.3838384    0.3452832838E+001
 0.3939394    0.3524862972E+001
 0.4040404    0.3602164984E+001
 0.4141414    0.3683069253E+001
 0.4242424    0.3889773034E+001
 0.4343434    0.3943391134E+001
 0.4444444    0.3993800979E+001
 0.4545455    0.4039776236E+001
 0.4646465    0.4164052837E+001
 0.4747475    0.4163817520E+001
 0.4848485    0.4283325124E+001
 0.4949495    0.4279545641E+001
 0.5050505    0.4352785603E+001
 0.5151515    0.4429552761E+001
 0.5252525    0.4543818632E+001
 0.5353535    0.4457504710E+001
 0.5454545    0.4477533512E+001
 0.5555556    0.4610785412E+001
 0.5656566    0.4510153660E+001
 0.5757576    0.4643629078E+001
 0.5858586    0.4572700087E+001
 0.5959596    0.4632584608E+001
 0.6060606    0.4702982919E+001
 0.6161616    0.4763411344E+001
 0.6262626    0.4719013919E+001
 0.6363636    0.4775271707E+001
 0.6464646    0.4769181879E+001
 0.6565657    0.4779175402E+001
 0.6666667    0.4752810563E+001
 0.6767677    0.4863430811E+001
 0.6868687    0.4895813387E+001
 0.6969697    0.4933410030E+001
 0.7070707    0.4924680847E+001
 0.7171717    0.4884471521E+001
 0.7272727    0.4839180336E+001
 0.7373737    0.4894518303E+001
 0.7474747    0.4848079637E+001
 0.7575758    0.4842802061E+001
 0.7676768    0.4869107057E+001
 0.7777778    0.4929366052E+001
 0.7878788    0.4903355949E+001
 0.7979798    0.4830938907E+001
 0.8080808    0.4828586825E+001
 0.8181818    0.4812799932E+001
 0.8282828    0.4760833758E+001
 0.8383838    0.4885465910E+001
 0.8484848    0.4778171249E+001
 0.8585859    0.4806398002E+001
 0.8686869    0.4893606347E+001
 0.8787879    0.4800251911E+001
 0.8888889    0.4727336827E+001
 0.8989899    0.4833081233E+001
 0.9090909    0.4811143773E+001
 0.9191919    0.4782849878E+001
 0.9292929    0.4761053633E+001
 0.9393939    0.4657760152E+001
 0.9494949    0.4771751222E+001
 0.9595960    0.4680274017E+001
 0.9696970    0.4760913706E+001
 0.9797980    0.4679977307E+001
 0.9898990    0.4582900556E+001
 1.0000000    0.4786458496E+001


# Weightfunction after cycle      16800
 0.0000000    0.0000000000E+000
 0.0101010    0.8415708925E-001
 0.0202020    0.5541481250E-001
 0.0303030    0.1482761055E+000
 0.0404040    0.3660669994E-001
 0.0505051    0.5055939360E-001
 0.0606061    0.1169397321E+000
 0.0707071    0.9564159204E-001
 0.0808081    0.9465547440E-001
 0.0909091    0.2257362857E+000
 0.1010101    0.2354806476E+000
 0.1111111    0.1978695464E+000
 0.1212121    0.3427931528E+000
 0.1313131    0.4253812886E+000
 0.1414141    0.3608031653E+000
 0.1515152    0.4312646480E+000
 0.1616162    0.5582335255E+000
 0.1717172    0.6251854405E+000
 0.1818182    0.7465542464E+000
 0.1919192    0.8717019968E+000
 0.2020202    0.9120076213E+000
 0.2121212    0.1001877951E+001
 0.2222222    0.1128147716E+001
 0.2323232    0.1284907689E+001
 0.2424242    0.1458197704E+001
 0.2525253    0.1538293901E+001
 0.2626263    0.1721183538E+001
 0.2727273    0.1785483120E+001
 0.2828283    0.2007116091E+001
 0.2929293    0.2262565772E+001
 0.3030303    0.2279097192E+001
 0.3131313    0.2502033632E+001
 0.3232323    0.2663485362E+001
 0.3333333    0.2740047904E+001
 0.3434343    0.2943681935E+001
 0.3535354    0.3050611431E+001
 0.3636364    0.3199266332E+001
 0.3737374    0.3305150642E+001
 0.3838384    0.3468629702E+001
 0.3939394    0.3551064754E+001
 0.4040404    0.3549751831E+001
 0.4141414    0.3708114933E+001
 0.4242424    0.3880135654E+001
 0.4343434    0.3869012042E+001
 0.4444444    0.3942543928E+001
 0.4545455    0.4010485123E+001
 0.4646465    0.3978687954E+001
 0.4747475    0.4124121489E+001
 0.4848485    0.4181199585E+001
 0.4949495    0.4193605529E+001
 0.5050505    0.4300372450E+001
 0.5151515    0.4399105546E+001
 0.5252525    0.4482156662E+001
 0.5353535    0.4465208861E+001
 0.5454545    0.4541886660E+001
 0.5555556    0.4653172622E+001
 0.5656566    0.4641560723E+001
 0.5757576    0.4699889512E+001
 0.5858586    0.4840527186E+001
 0.5959596    0.4842606607E+001
 0.6060606    0.4895663388E+001
 0.6161616    0.4953779609E+001
 0.6262626    0.4997245936E+001
 0.6363636    0.5040786602E+001
 0.6464646    0.5021979652E+001
 0.6565657    0.5126773538E+001
 0.6666667    0.5150121085E+001
 0.6767677    0.5178658091E+001
 0.6868687    0.5157859976E+001
 0.6969697    0.5218578659E+001
 0.7070707    0.5246844739E+001
 0.7171717    0.5222820841E+001
 0.7272727    0.5251520184E+001
 0.7373737    0.5243272541E+001
 0.7474747    0.5219955915E+001
 0.7575758    0.5200805116E+001
 0.7676768    0.5244451641E+001
 0.7777778    0.5265403168E+001
 0.7878788    0.5277544432E+001
 0.7979798    0.5237498245E+001
 0.8080808    0.5247863285E+001
 0.8181818    0.5212422659E+001
 0.8282828    0.5152363771E+001
 0.8383838    0.5248093372E+001
 0.8484848    0.5181262281E+001
 0.8585859    0.5117000875E+001
 0.8686869    0.5179931078E+001
 0.8787879    0.5167503782E+001
 0.8888889    0.5108461921E+001
 0.8989899    0.5195708695E+001
 0.9090909    0.5088219688E+001
 0.9191919    0.5092296648E+001
 0.9292929    0.5086685832E+001
 0.9393939    0.5099002550E+001
 0.9494949    0.5120505460E+001
 0.9595960    0.5107643191E+001
 0.9696970    0.5043770130E+001
 0.9797980    0.5057634095E+001
 0.9898990    0.4966337854E+001
 1.0000000    0.4998792699E+001


# Weightfunction after cycle      20758
 0.0000000    0.3275941972E-001
 0.0101010    0.6701452168E-002
 0.0202020    0.7247092610E-002
 0.0303030    0.1224463406E-001
 0.0404040    0.0000000000E+000
 0.0505051    0.4703877706E-002
 0.0606061    0.6645980821E-001
 0.0707071    0.4439093350E-001
 0.0808081    0.5342436647E-001
 0.0909091    0.8970481420E-001
 0.1010101    0.1564835412E+000
 0.1111111    0.2136728035E+000
 0.1212121    0.2483813532E+000
 0.1313131    0.2461886760E+000
 0.1414141    0.3257379347E+000
 0.1515152    0.3638285615E+000
 0.1616162    0.4846315618E+000
 0.1717172    0.5300029062E+000
 0.1818182    0.6267082029E+000
 0.1919192    0.7726657892E+000
 0.2020202    0.8260739029E+000
 0.2121212    0.9498565582E+000
 0.2222222    0.1094623954E+001
 0.2323232    0.1179705605E+001
 0.2424242    0.1389220148E+001
 0.2525253    0.1449277244E+001
 0.2626263    0.1592088679E+001
 0.2727273    0.1761978909E+001
 0.2828283    0.1921953108E+001
 0.2929293    0.2030192468E+001
 0.3030303    0.2162334087E+001
 0.3131313    0.2359065549E+001
 0.3232323    0.2548263726E+001
 0.3333333    0.2603245698E+001
 0.3434343    0.2766801527E+001
 0.3535354    0.2897623797E+001
 0.3636364    0.3032405474E+001
 0.3737374    0.3160641089E+001
 0.3838384    0.3246275948E+001
 0.3939394    0.3297110879E+001
 0.4040404    0.3451486358E+001
 0.4141414    0.3500405138E+001
 0.4242424    0.3587645046E+001
 0.4343434    0.3645116819E+001
 0.4444444    0.3693985196E+001
 0.4545455    0.3791985042E+001
 0.4646465    0.3848051625E+001
 0.4747475    0.3933367856E+001
 0.4848485    0.3999694768E+001
 0.4949495    0.4048325242E+001
 0.5050505    0.4047189309E+001
 0.5151515    0.4162878568E+001
 0.5252525    0.4257490704E+001
 0.5353535    0.4322240777E+001
 0.5454545    0.4356528170E+001
 0.5555556    0.4487853233E+001
 0.5656566    0.4473929130E+001
 0.5757576    0.4552297020E+001
 0.5858586    0.4521060864E+001
 0.5959596    0.4593277140E+001
 0.6060606    0.4640938779E+001
 0.6161616    0.4817748138E+001
 0.6262626    0.4761018958E+001
 0.6363636    0.4806101094E+001
 0.6464646    0.4905216547E+001
 0.6565657    0.4881297745E+001
 0.6666667    0.4911581903E+001
 0.6767677    0.4957845807E+001
 0.6868687    0.4987145445E+001
 0.6969697    0.4964624784E+001
 0.7070707    0.5070735065E+001
 0.7171717    0.5022047658E+001
 0.7272727    0.5034561573E+001
 0.7373737    0.5060226256E+001
 0.7474747    0.5072363424E+001
 0.7575758    0.5023924707E+001
 0.7676768    0.5012849071E+001
 0.7777778    0.5008366355E+001
 0.7878788    0.4990448966E+001
 0.7979798    0.5026705512E+001
 0.8080808    0.5031675408E+001
 0.8181818    0.5013961679E+001
 0.8282828    0.4987044382E+001
 0.8383838    0.5001846844E+001
 0.8484848    0.4945035303E+001
 0.8585859    0.4972491322E+001
 0.8686869    0.4948328508E+001
 0.8787879    0.4917403580E+001
 0.8888889    0.4925415635E+001
 0.8989899    0.4974125676E+001
 0.9090909    0.4958354093E+001
 0.9191919    0.4877650241E+001
 0.9292929    0.4902098077E+001
 0.9393939    0.4909019652E+001
 0.9494949    0.4860385708E+001
 0.9595960    0.4930762782E+001
 0.9696970    0.4876909272E+001
 0.9797980    0.4866109728E+001
 0.9898990    0.4824140505E+001
 1.0000000    0.4756399844E+001


# Weightfunction after cycle      32214
 0.0000000    0.0000000000E+000
 0.0101010    0.5255696807E-001
 0.0202020    0.7211406353E-001
 0.0303030    0.1315768545E+000
 0.0404040    0.8541989526E-001
 0.0505051    0.1086214049E+000
 0.0606061    0.1344097178E+000
 0.0707071    0.1955801867E+000
 0.0808081    0.2066689121E+000
 0.0909091    0.2229102586E+000
 0.1010101    0.2254610970E+000
 0.1111111    0.2631250812E+000
 0.1212121    0.3615476963E+000
 0.1313131    0.4009746909E+000
 0.1414141    0.4183513535E+000
 0.1515152    0.4847022513E+000
 0.1616162    0.6101296595E+000
 0.1717172    0.6051463393E+000
 0.1818182    0.7080175133E+000
 0.1919192    0.8159521895E+000
 0.2020202    0.9233117297E+000
 0.2121212    0.9854356119E+000
 0.2222222    0.1125578600E+001
 0.2323232    0.1236865229E+001
 0.2424242    0.1354405436E+001
 0.2525253    0.1467386312E+001
 0.2626263    0.1722211184E+001
 0.2727273    0.1796016494E+001
 0.2828283    0.1888679865E+001
 0.2929293    0.2030317727E+001
 0.3030303    0.2244671044E+001
 0.3131313    0.2342748468E+001
 0.3232323    0.2476967573E+001
 0.3333333    0.2627006820E+001
 0.3434343    0.2834751436E+001
 0.3535354    0.2903914933E+001
 0.3636364    0.3009922516E+001
 0.3737374    0.3189540443E+001
 0.3838384    0.3223792991E+001
 0.3939394    0.3330120818E+001
 0.4040404    0.3396632544E+001
 0.4141414    0.3505154805E+001
 0.4242424    0.3519431832E+001
 0.4343434    0.3621092392E+001
 0.4444444    0.3666364007E+001
 0.4545455    0.3726340943E+001
 0.4646465    0.3778296941E+001
 0.4747475    0.3923730476E+001
 0.4848485    0.3799429015E+001
 0.4949495    0.3941575295E+001
 0.5050505    0.3966130518E+001
 0.5151515    0.4041227750E+001
 0.5252525    0.4053628189E+001
 0.5353535    0.4111698562E+001
 0.5454545    0.4163969764E+001
 0.5555556    0.4155534941E+001
 0.5656566    0.4233585175E+001
 0.5757576    0.4213812851E+001
 0.5858586    0.4261705454E+001
 0.5959596    0.4325700559E+001
 0.6060606    0.4346643397E+001
 0.6161616    0.4370847292E+001
 0.6262626    0.4334671037E+001
 0.6363636    0.4443467238E+001
 0.6464646    0.4455746586E+001
 0.6565657    0.4489375972E+001
 0.6666667    0.4451321657E+001
 0.6767677    0.4517624662E+001
 0.6868687    0.4510956682E+001
 0.6969697    0.4577327419E+001
 0.7070707    0.4575021025E+001
 0.7171717    0.4553566242E+001
 0.7272727    0.4513156377E+001
 0.7373737    0.4530599890E+001
 0.7474747    0.4555582636E+001
 0.7575758    0.4597576786E+001
 0.7676768    0.4562865287E+001
 0.7777778    0.4552216694E+001
 0.7878788    0.4588250731E+001
 0.7979798    0.4527394709E+001
 0.8080808    0.4539558130E+001
 0.8181818    0.4568088480E+001
 0.8282828    0.4526270313E+001
 0.8383838    0.4509729565E+001
 0.8484848    0.4489399465E+001
 0.8585859    0.4546657224E+001
 0.8686869    0.4491151201E+001
 0.8787879    0.4479237728E+001
 0.8888889    0.4483653021E+001
 0.8989899    0.4477383989E+001
 0.9090909    0.4429755374E+001
 0.9191919    0.4492921992E+001
 0.9292929    0.4452114293E+001
 0.9393939    0.4467770861E+001
 0.9494949    0.4503917730E+001
 0.9595960    0.4428369041E+001
 0.9696970    0.4476766330E+001
 0.9797980    0.4449524446E+001
 0.9898990    0.4436329317E+001
 1.0000000    0.4442579184E+001


# Weightfunction after cycle      42525
 0.0000000    0.0000000000E+000
 0.0101010    0.1487660677E-001
 0.0202020    0.3785918962E-001
 0.0303030    0.3874614620E-001
 0.0404040    0.5219266757E-001
 0.0505051    0.5895183771E-001
 0.0606061    0.1004973926E+000
 0.0707071    0.1400872909E+000
 0.0808081    0.1292528970E+000
 0.0909091    0.1359028788E+000
 0.1010101    0.1829850533E+000
 0.1111111    0.2134555140E+000
 0.1212121    0.2789934502E+000
 0.1313131    0.3516476725E+000
 0.1414141    0.4149258661E+000
 0.1515152    0.4209881858E+000
 0.1616162    0.5447028503E+000
 0.1717172    0.6383735670E+000
 0.1818182    0.6641712747E+000
 0.1919192    0.7882057417E+000
 0.2020202    0.8633657004E+000
 0.2121212    0.1000850305E+001
 0.2222222    0.1088925885E+001
 0.2323232    0.1242688557E+001
 0.2424242    0.1352350144E+001
 0.2525253    0.1503011380E+001
 0.2626263    0.1659867314E+001
 0.2727273    0.1752512804E+001
 0.2828283    0.1897243583E+001
 0.2929293    0.2123490984E+001
 0.3030303    0.2238847715E+001
 0.3131313    0.2453734260E+001
 0.3232323    0.2500945985E+001
 0.3333333    0.2676676387E+001
 0.3434343    0.2850508678E+001
 0.3535354    0.2988524472E+001
 0.3636364    0.3072951484E+001
 0.3737374    0.3230988840E+001
 0.3838384    0.3257362767E+001
 0.3939394    0.3419183490E+001
 0.4040404    0.3456236025E+001
 0.4141414    0.3553111629E+001
 0.4242424    0.3642406829E+001
 0.4343434    0.3730365440E+001
 0.4444444    0.3793792138E+001
 0.4545455    0.3815746164E+001
 0.4646465    0.3882774307E+001
 0.4747475    0.3980936116E+001
 0.4848485    0.3993996699E+001
 0.4949495    0.4046395209E+001
 0.5050505    0.4102807464E+001
 0.5151515    0.4149130603E+001
 0.5252525    0.4203664537E+001
 0.5353535    0.4228165133E+001
 0.5454545    0.4310238075E+001
 0.5555556    0.4372368293E+001
 0.5656566    0.4382593876E+001
 0.5757576    0.4420369741E+001
 0.5858586    0.4468262343E+001
 0.5959596    0.4493206893E+001
 0.6060606    0.4546691860E+001
 0.6161616    0.4622278067E+001
 0.6262626    0.4563493595E+001
 0.6363636    0.4643173153E+001
 0.6464646    0.4670867194E+001
 0.6565657    0.4699358349E+001
 0.6666667    0.4705150273E+001
 0.6767677    0.4740623891E+001
 0.6868687    0.4763072554E+001
 0.6969697    0.4784911955E+001
 0.7070707    0.4829534738E+001
 0.7171717    0.4786841934E+001
 0.7272727    0.4831384155E+001
 0.7373737    0.4815600441E+001
 0.7474747    0.4813864385E+001
 0.7575758    0.4821603662E+001
 0.7676768    0.4783466675E+001
 0.7777778    0.4813581381E+001
 0.7878788    0.4801658596E+001
 0.7979798    0.4830550343E+001
 0.8080808    0.4821475742E+001
 0.8181818    0.4772932626E+001
 0.8282828    0.4781126575E+001
 0.8383838    0.4757392303E+001
 0.8484848    0.4779195699E+001
 0.8585859    0.4764518222E+001
 0.8686869    0.4776494300E+001
 0.8787879    0.4737519477E+001
 0.8888889    0.4748785745E+001
 0.8989899    0.4740461421E+001
 0.9090909    0.4726060033E+001
 0.9191919    0.4735446499E+001
 0.9292929    0.4758352866E+001
 0.9393939    0.4698306162E+001
 0.9494949    0.4732055190E+001
 0.9595960    0.4721248213E+001
 0.9696970    0.4700108108E+001
 0.9797980    0.4694446795E+001
 0.9898990    0.4694268518E+001
 1.0000000    0.4657357243E+001


# Weightfunction after cycle      47312
 0.0000000    0.5328458225E-002
 0.0101010    0.2164164735E-002
 0.0202020    0.5118045176E-001
 0.0303030    0.0000000000E+000
 0.0404040    0.1321815554E-001
 0.0505051    0.3916005507E-001
 0.0606061    0.1046840217E+000
 0.0707071    0.9882912065E-001
 0.0808081    0.1364082819E+000
 0.0909091    0.1227337052E+000
 0.1010101    0.1485778578E+000
 0.1111111    0.1948055605E+000
 0.1212121    0.2555478143E+000
 0.1313131    0.3373366697E+000
 0.1414141    0.3633912336E+000
 0.1515152    0.4101026704E+000
 0.1616162    0.5166898980E+000
 0.1717172    0.5838701788E+000
 0.1818182    0.6560261492E+000
 0.1919192    0.7512865221E+000
 0.2020202    0.8442590152E+000
 0.2121212    0.9913349847E+000
 0.2222222    0.1057030714E+001
 0.2323232    0.1227464091E+001
 0.2424242    0.1324337191E+001
 0.2525253    0.1474770062E+001
 0.2626263    0.1641674092E+001
 0.2727273    0.1748021532E+001
 0.2828283    0.1884531141E+001
 0.2929293    0.2100045348E+001
 0.3030303    0.2240065589E+001
 0.3131313    0.2398317408E+001
 0.3232323    0.2543269707E+001
 0.3333333    0.2678122626E+001
 0.3434343    0.2861317916E+001
 0.3535354    0.3011665464E+001
 0.3636364    0.3080563601E+001
 0.3737374    0.3261437539E+001
 0.3838384    0.3259950836E+001
 0.3939394    0.3409211438E+001
 0.4040404    0.3510206404E+001
 0.4141414    0.3556613160E+001
 0.4242424    0.3656869921E+001
 0.4343434    0.3726559265E+001
 0.4444444    0.3820586984E+001
 0.4545455    0.3874740592E+001
 0.4646465    0.3870975328E+001
 0.4747475    0.3928944752E+001
 0.4848485    0.3979914062E+001
 0.4949495    0.4038250083E+001
 0.5050505    0.4087354632E+001
 0.5151515    0.4160853305E+001
 0.5252525    0.4233884870E+001
 0.5353535    0.4240572932E+001
 0.5454545    0.4305061705E+001
 0.5555556    0.4336590903E+001
 0.5656566    0.4372393458E+001
 0.5757576    0.4409940957E+001
 0.5858586    0.4451210951E+001
 0.5959596    0.4467020867E+001
 0.6060606    0.4533751053E+001
 0.6161616    0.4560238607E+001
 0.6262626    0.4552608080E+001
 0.6363636    0.4618585688E+001
 0.6464646    0.4622529683E+001
 0.6565657    0.4675455981E+001
 0.6666667    0.4683074832E+001
 0.6767677    0.4692971478E+001
 0.6868687    0.4740083650E+001
 0.6969697    0.4737259542E+001
 0.7070707    0.4787134739E+001
 0.7171717    0.4764309761E+001
 0.7272727    0.4804969764E+001
 0.7373737    0.4768176393E+001
 0.7474747    0.4768038898E+001
 0.7575758    0.4771210858E+001
 0.7676768    0.4740838310E+001
 0.7777778    0.4777575625E+001
 0.7878788    0.4746241744E+001
 0.7979798    0.4777417150E+001
 0.8080808    0.4770397841E+001
 0.8181818    0.4757023063E+001
 0.8282828    0.4753113622E+001
 0.8383838    0.4737828886E+001
 0.8484848    0.4719668262E+001
 0.8585859    0.4711156663E+001
 0.8686869    0.4762640029E+001
 0.8787879    0.4696946404E+001
 0.8888889    0.4699078039E+001
 0.8989899    0.4694407568E+001
 0.9090909    0.4676352327E+001
 0.9191919    0.4689621012E+001
 0.9292929    0.4693801381E+001
 0.9393939    0.4666639357E+001
 0.9494949    0.4675268144E+001
 0.9595960    0.4653042875E+001
 0.9696970    0.4678261033E+001
 0.9797980    0.4656842478E+001
 0.9898990    0.4645245910E+001
 1.0000000    0.4646471728E+001


# Weightfunction after cycle      52654
 0.0000000    0.2143355957E-001
 0.0101010    0.0000000000E+000
 0.0202020    0.4201306836E-001
 0.0303030    0.6970468307E-002
 0.0404040    0.2155881881E-001
 0.0505051    0.3455998819E-001
 0.0606061    0.8714322468E-001
 0.0707071    0.8098383586E-001
 0.0808081    0.1310469956E+000
 0.0909091    0.1622843646E+000
 0.1010101    0.1511332535E+000
 0.1111111    0.2229379287E+000
 0.1212121    0.2701304768E+000
 0.1313131    0.3298439690E+000
 0.1414141    0.3664033609E+000
 0.1515152    0.4170731387E+000
 0.1616162    0.5358398770E+000
 0.1717172    0.5578037242E+000
 0.1818182    0.6741104210E+000
 0.1919192    0.7600839170E+000
 0.2020202    0.8328079735E+000
 0.2121212    0.9791227236E+000
 0.2222222    0.1083031667E+001
 0.2323232    0.1225299927E+001
 0.2424242    0.1312581662E+001
 0.2525253    0.1461339850E+001
 0.2626263    0.1628548368E+001
 0.2727273    0.1768693949E+001
 0.2828283    0.1870187466E+001
 0.2929293    0.2101535037E+001
 0.3030303    0.2250842154E+001
 0.3131313    0.2413661290E+001
 0.3232323    0.2542627981E+001
 0.3333333    0.2703666849E+001
 0.3434343    0.2890668236E+001
 0.3535354    0.2996865057E+001
 0.3636364    0.3089056508E+001
 0.3737374    0.3261861520E+001
 0.3838384    0.3307722665E+001
 0.3939394    0.3421814930E+001
 0.4040404    0.3540165699E+001
 0.4141414    0.3572413774E+001
 0.4242424    0.3672822778E+001
 0.4343434    0.3745557000E+001
 0.4444444    0.3823294623E+001
 0.4545455    0.3886126133E+001
 0.4646465    0.3907481110E+001
 0.4747475    0.3978543508E+001
 0.4848485    0.4006523991E+001
 0.4949495    0.4098962643E+001
 0.5050505    0.4154765923E+001
 0.5151515    0.4209843085E+001
 0.5252525    0.4279373041E+001
 0.5353535    0.4284081932E+001
 0.5454545    0.4346896023E+001
 0.5555556    0.4368072636E+001
 0.5656566    0.4412857581E+001
 0.5757576    0.4445990007E+001
 0.5858586    0.4501114194E+001
 0.5959596    0.4508550697E+001
 0.6060606    0.4578782492E+001
 0.6161616    0.4610446338E+001
 0.6262626    0.4608144347E+001
 0.6363636    0.4659202055E+001
 0.6464646    0.4659339953E+001
 0.6565657    0.4691865571E+001
 0.6666667    0.4705117445E+001
 0.6767677    0.4719885895E+001
 0.6868687    0.4739746412E+001
 0.6969697    0.4763717227E+001
 0.7070707    0.4770659649E+001
 0.7171717    0.4777217741E+001
 0.7272727    0.4791082820E+001
 0.7373737    0.4762815107E+001
 0.7474747    0.4767701660E+001
 0.7575758    0.4784727814E+001
 0.7676768    0.4750244681E+001
 0.7777778    0.4777542875E+001
 0.7878788    0.4775287576E+001
 0.7979798    0.4785757813E+001
 0.8080808    0.4761534945E+001
 0.8181818    0.4748616899E+001
 0.8282828    0.4773481552E+001
 0.8383838    0.4754390719E+001
 0.8484848    0.4727399950E+001
 0.8585859    0.4726043813E+001
 0.8686869    0.4759410157E+001
 0.8787879    0.4709245408E+001
 0.8888889    0.4689149437E+001
 0.8989899    0.4689350770E+001
 0.9090909    0.4663987822E+001
 0.9191919    0.4678017727E+001
 0.9292929    0.4691332728E+001
 0.9393939    0.4660821339E+001
 0.9494949    0.4668688907E+001
 0.9595960    0.4663667197E+001
 0.9696970    0.4685992721E+001
 0.9797980    0.4646304899E+001
 0.9898990    0.4635317307E+001
 1.0000000    0.4644155319E+001


# Weightfunction after cycle      58597
 0.0000000    0.1903040779E-001
 0.0101010    0.2164164735E-002
 0.0202020    0.2874985284E-001
 0.0303030    0.0000000000E+000
 0.0404040    0.3011722667E-001
 0.0505051    0.3408525894E-001
 0.0606061    0.7733087054E-001
 0.0707071    0.7827619631E-001
 0.0808081    0.1178852760E+000
 0.0909091    0.1433373775E+000
 0.1010101    0.1541093856E+000
 0.1111111    0.2116031357E+000
 0.1212121    0.2722946415E+000
 0.1313131    0.3247004273E+000
 0.1414141    0.3595343885E+000
 0.1515152    0.4148729787E+000
 0.1616162    0.5258245310E+000
 0.1717172    0.5708279527E+000
 0.1818182    0.6546559542E+000
 0.1919192    0.7461102300E+000
 0.2020202    0.8486740878E+000
 0.2121212    0.9842302701E+000
 0.2222222    0.1064998144E+001
 0.2323232    0.1219039930E+001
 0.2424242    0.1309265047E+001
 0.2525253    0.1460865121E+001
 0.2626263    0.1594174000E+001
 0.2727273    0.1761013010E+001
 0.2828283    0.1864434949E+001
 0.2929293    0.2088170325E+001
 0.3030303    0.2238999881E+001
 0.3131313    0.2411664122E+001
 0.3232323    0.2523579498E+001
 0.3333333    0.2704105583E+001
 0.3434343    0.2869894322E+001
 0.3535354    0.2971523827E+001
 0.3636364    0.3053667181E+001
 0.3737374    0.3244538468E+001
 0.3838384    0.3274363257E+001
 0.3939394    0.3389774968E+001
 0.4040404    0.3509648176E+001
 0.4141414    0.3537024447E+001
 0.4242424    0.3648192019E+001
 0.4343434    0.3716155933E+001
 0.4444444    0.3798054889E+001
 0.4545455    0.3855304123E+001
 0.4646465    0.3892390968E+001
 0.4747475    0.3976140356E+001
 0.4848485    0.4002801392E+001
 0.4949495    0.4066618194E+001
 0.5050505    0.4134195001E+001
 0.5151515    0.4179833042E+001
 0.5252525    0.4254336299E+001
 0.5353535    0.4260872116E+001
 0.5454545    0.4316987476E+001
 0.5555556    0.4366075468E+001
 0.5656566    0.4388531310E+001
 0.5757576    0.4436177653E+001
 0.5858586    0.4481761223E+001
 0.5959596    0.4531521526E+001
 0.6060606    0.4566838723E+001
 0.6161616    0.4587033530E+001
 0.6262626    0.4600564903E+001
 0.6363636    0.4657712366E+001
 0.6464646    0.4667492377E+001
 0.6565657    0.4699409019E+001
 0.6666667    0.4722100014E+001
 0.6767677    0.4746409081E+001
 0.6868687    0.4766675582E+001
 0.6969697    0.4781917748E+001
 0.7070707    0.4792311031E+001
 0.7171717    0.4802015496E+001
 0.7272727    0.4821361355E+001
 0.7373737    0.4797863950E+001
 0.7474747    0.4794326342E+001
 0.7575758    0.4809018089E+001
 0.7676768    0.4775346924E+001
 0.7777778    0.4788029705E+001
 0.7878788    0.4801810762E+001
 0.7979798    0.4799391017E+001
 0.8080808    0.4772935239E+001
 0.8181818    0.4766817419E+001
 0.8282828    0.4772905327E+001
 0.8383838    0.4768531403E+001
 0.8484848    0.4746716926E+001
 0.8585859    0.4740691977E+001
 0.8686869    0.4781772011E+001
 0.8787879    0.4720645702E+001
 0.8888889    0.4704609567E+001
 0.8989899    0.4720035289E+001
 0.9090909    0.4681071888E+001
 0.9191919    0.4699364621E+001
 0.9292929    0.4697759722E+001
 0.9393939    0.4668060300E+001
 0.9494949    0.4669736616E+001
 0.9595960    0.4662481996E+001
 0.9696970    0.4674150448E+001
 0.9797980    0.4640755374E+001
 0.9898990    0.4645398153E+001
 1.0000000    0.4639316265E+001


# Weightfunction after cycle      93247
 0.0000000    0.0000000000E+000
 0.0101010    0.4786220454E-002
 0.0202020    0.8366166085E-002
 0.0303030    0.2041767416E-001
 0.0404040    0.3727276694E-001
 0.0505051    0.8559112096E-002
 0.0606061    0.6851771897E-001
 0.0707071    0.6039607564E-001
 0.0808081    0.1006817948E+000
 0.0909091    0.1469067285E+000
 0.1010101    0.1561224658E+000
 0.1111111    0.2042785910E+000
 0.1212121    0.2539408732E+000
 0.1313131    0.3160902676E+000
 0.1414141    0.3564726726E+000
 0.1515152    0.4331930705E+000
 0.1616162    0.5278376112E+000
 0.1717172    0.5861708307E+000
 0.1818182    0.6738556773E+000
 0.1919192    0.7563783119E+000
 0.2020202    0.8615133998E+000
 0.2121212    0.9929420812E+000
 0.2222222    0.1093129508E+001
 0.2323232    0.1239186948E+001
 0.2424242    0.1375694206E+001
 0.2525253    0.1474110416E+001
 0.2626263    0.1637597417E+001
 0.2727273    0.1797670032E+001
 0.2828283    0.1950824973E+001
 0.2929293    0.2140525383E+001
 0.3030303    0.2301775187E+001
 0.3131313    0.2464086844E+001
 0.3232323    0.2641230266E+001
 0.3333333    0.2794081796E+001
 0.3434343    0.2963389060E+001
 0.3535354    0.3105278615E+001
 0.3636364    0.3226464068E+001
 0.3737374    0.3367805344E+001
 0.3838384    0.3448987069E+001
 0.3939394    0.3566158044E+001
 0.4040404    0.3651048990E+001
 0.4141414    0.3740946750E+001
 0.4242424    0.3829108579E+001
 0.4343434    0.3881442121E+001
 0.4444444    0.3966859602E+001
 0.4545455    0.4037844617E+001
 0.4646465    0.4081833185E+001
 0.4747475    0.4157868883E+001
 0.4848485    0.4207265006E+001
 0.4949495    0.4250782623E+001
 0.5050505    0.4320457013E+001
 0.5151515    0.4380981123E+001
 0.5252525    0.4412179452E+001
 0.5353535    0.4444562898E+001
 0.5454545    0.4510760186E+001
 0.5555556    0.4537992723E+001
 0.5656566    0.4585213570E+001
 0.5757576    0.4624469583E+001
 0.5858586    0.4682300328E+001
 0.5959596    0.4703506445E+001
 0.6060606    0.4749243890E+001
 0.6161616    0.4772348247E+001
 0.6262626    0.4793457982E+001
 0.6363636    0.4834636753E+001
 0.6464646    0.4857678898E+001
 0.6565657    0.4887430294E+001
 0.6666667    0.4905317148E+001
 0.6767677    0.4950263720E+001
 0.6868687    0.4965049440E+001
 0.6969697    0.4976502425E+001
 0.7070707    0.4999075219E+001
 0.7171717    0.4995585215E+001
 0.7272727    0.5019802878E+001
 0.7373737    0.5008011336E+001
 0.7474747    0.4992767865E+001
 0.7575758    0.4993656166E+001
 0.7676768    0.5009920995E+001
 0.7777778    0.4989516105E+001
 0.7878788    0.5004853433E+001
 0.7979798    0.4997155901E+001
 0.8080808    0.4975368935E+001
 0.8181818    0.4978859395E+001
 0.8282828    0.4992187346E+001
 0.8383838    0.4971912394E+001
 0.8484848    0.4963563042E+001
 0.8585859    0.4953951904E+001
 0.8686869    0.4961876603E+001
 0.8787879    0.4959414938E+001
 0.8888889    0.4944935074E+001
 0.8989899    0.4938099356E+001
 0.9090909    0.4929584732E+001
 0.9191919    0.4921082542E+001
 0.9292929    0.4901343705E+001
 0.9393939    0.4909603757E+001
 0.9494949    0.4915610567E+001
 0.9595960    0.4904499102E+001
 0.9696970    0.4893567795E+001
 0.9797980    0.4879253954E+001
 0.9898990    0.4874085461E+001
 1.0000000    0.4862996440E+001


# Weightfunction after cycle     115471
 0.0000000    0.0000000000E+000
 0.0101010    0.3884034475E-002
 0.0202020    0.1332818897E-001
 0.0303030    0.1649316515E-001
 0.0404040    0.1183112232E-001
 0.0505051    0.2434736674E-001
 0.0606061    0.6481875645E-001
 0.0707071    0.6377927306E-001
 0.0808081    0.9653173930E-001
 0.0909091    0.1397343499E+000
 0.1010101    0.1661367301E+000
 0.1111111    0.2078422256E+000
 0.1212121    0.2502870200E+000
 0.1313131    0.3177142023E+000
 0.1414141    0.3619760071E+000
 0.1515152    0.4320202287E+000
 0.1616162    0.5070422244E+000
 0.1717172    0.5882007492E+000
 0.1818182    0.6697958404E+000
 0.1919192    0.7631898160E+000
 0.2020202    0.8609720882E+000
 0.2121212    0.9841006586E+000
 0.2222222    0.1088077266E+001
 0.2323232    0.1226917219E+001
 0.2424242    0.1382821475E+001
 0.2525253    0.1478350691E+001
 0.2626263    0.1646393730E+001
 0.2727273    0.1792437353E+001
 0.2828283    0.1949246147E+001
 0.2929293    0.2104708600E+001
 0.3030303    0.2302226280E+001
 0.3131313    0.2448298589E+001
 0.3232323    0.2623412093E+001
 0.3333333    0.2768098840E+001
 0.3434343    0.2937902307E+001
 0.3535354    0.3062424781E+001
 0.3636364    0.3200932204E+001
 0.3737374    0.3326034133E+001
 0.3838384    0.3425710671E+001
 0.3939394    0.3529799949E+001
 0.4040404    0.3617126798E+001
 0.4141414    0.3687988433E+001
 0.4242424    0.3790314582E+001
 0.4343434    0.3855594492E+001
 0.4444444    0.3917645357E+001
 0.4545455    0.3996704937E+001
 0.4646465    0.4042001674E+001
 0.4747475    0.4098820811E+001
 0.4848485    0.4148893573E+001
 0.4949495    0.4210545128E+001
 0.5050505    0.4275167276E+001
 0.5151515    0.4316790590E+001
 0.5252525    0.4358634714E+001
 0.5353535    0.4388176275E+001
 0.5454545    0.4455726842E+001
 0.5555556    0.4484989297E+001
 0.5656566    0.4530044897E+001
 0.5757576    0.4566053041E+001
 0.5858586    0.4611117855E+001
 0.5959596    0.4643646405E+001
 0.6060606    0.4667144966E+001
 0.6161616    0.4705676703E+001
 0.6262626    0.4727102203E+001
 0.6363636    0.4764536903E+001
 0.6464646    0.4774632678E+001
 0.6565657    0.4817195115E+001
 0.6666667    0.4831202570E+001
 0.6767677    0.4864240286E+001
 0.6868687    0.4883762484E+001
 0.6969697    0.4911093942E+001
 0.7070707    0.4932854768E+001
 0.7171717    0.4915651537E+001
 0.7272727    0.4934004991E+001
 0.7373737    0.4913011152E+001
 0.7474747    0.4921495172E+001
 0.7575758    0.4915752407E+001
 0.7676768    0.4933280296E+001
 0.7777778    0.4914093358E+001
 0.7878788    0.4918514235E+001
 0.7979798    0.4910952030E+001
 0.8080808    0.4890969436E+001
 0.8181818    0.4901451838E+001
 0.8282828    0.4911216154E+001
 0.8383838    0.4891121639E+001
 0.8484848    0.4891523492E+001
 0.8585859    0.4865627897E+001
 0.8686869    0.4873281940E+001
 0.8787879    0.4869466996E+001
 0.8888889    0.4854896913E+001
 0.8989899    0.4841836112E+001
 0.9090909    0.4851545645E+001
 0.9191919    0.4840111350E+001
 0.9292929    0.4834401505E+001
 0.9393939    0.4829579861E+001
 0.9494949    0.4834368719E+001
 0.9595960    0.4803364053E+001
 0.9696970    0.4805604662E+001
 0.9797980    0.4780193933E+001
 0.9898990    0.4777731998E+001
 1.0000000    0.4774807761E+001


# Weightfunction after cycle     123981
 0.0000000    0.0000000000E+000
 0.0101010    0.7733361320E-002
 0.0202020    0.1901196064E-001
 0.0303030    0.1856819291E-001
 0.0404040    0.2500303762E-001
 0.0505051    0.3051230426E-001
 0.0606061    0.6999128940E-001
 0.0707071    0.7189894688E-001
 0.0808081    0.1035988628E+000
 0.0909091    0.1393133298E+000
 0.1010101    0.1786771153E+000
 0.1111111    0.2140673089E+000
 0.1212121    0.2617748548E+000
 0.1313131    0.3243302329E+000
 0.1414141    0.3628180473E+000
 0.1515152    0.4410420885E+000
 0.1616162    0.5138687649E+000
 0.1717172    0.5901254126E+000
 0.1818182    0.6759908508E+000
 0.1919192    0.7577767002E+000
 0.2020202    0.8649717794E+000
 0.2121212    0.9856343748E+000
 0.2222222    0.1088558432E+001
 0.2323232    0.1233773832E+001
 0.2424242    0.1381588488E+001
 0.2525253    0.1474832165E+001
 0.2626263    0.1651085097E+001
 0.2727273    0.1794512381E+001
 0.2828283    0.1948915346E+001
 0.2929293    0.2103926705E+001
 0.3030303    0.2306015461E+001
 0.3131313    0.2449110557E+001
 0.3232323    0.2615833731E+001
 0.3333333    0.2768279277E+001
 0.3434343    0.2936789610E+001
 0.3535354    0.3063447258E+001
 0.3636364    0.3199819508E+001
 0.3737374    0.3325131947E+001
 0.3838384    0.3421410251E+001
 0.3939394    0.3522101295E+001
 0.4040404    0.3609097342E+001
 0.4141414    0.3683266993E+001
 0.4242424    0.3774766910E+001
 0.4343434    0.3843745783E+001
 0.4444444    0.3907871675E+001
 0.4545455    0.3983322511E+001
 0.4646465    0.4036468267E+001
 0.4747475    0.4083904669E+001
 0.4848485    0.4137616249E+001
 0.4949495    0.4201823997E+001
 0.5050505    0.4261844997E+001
 0.5151515    0.4304159987E+001
 0.5252525    0.4347237098E+001
 0.5353535    0.4375425379E+001
 0.5454545    0.4439036401E+001
 0.5555556    0.4470674613E+001
 0.5656566    0.4522015442E+001
 0.5757576    0.4550505369E+001
 0.5858586    0.4595239381E+001
 0.5959596    0.4632579590E+001
 0.6060606    0.4659716968E+001
 0.6161616    0.4695091054E+001
 0.6262626    0.4718561509E+001
 0.6363636    0.4748959158E+001
 0.6464646    0.4770061603E+001
 0.6565657    0.4805767426E+001
 0.6666667    0.4825578944E+001
 0.6767677    0.4856571706E+001
 0.6868687    0.4875823247E+001
 0.6969697    0.4905500389E+001
 0.7070707    0.4927291288E+001
 0.7171717    0.4908013029E+001
 0.7272727    0.4930666903E+001
 0.7373737    0.4913672756E+001
 0.7474747    0.4907932310E+001
 0.7575758    0.4907392150E+001
 0.7676768    0.4920108381E+001
 0.7777778    0.4906003757E+001
 0.7878788    0.4907748149E+001
 0.7979798    0.4902681992E+001
 0.8080808    0.4879301164E+001
 0.8181818    0.4895076391E+001
 0.8282828    0.4904509905E+001
 0.8383838    0.4887693333E+001
 0.8484848    0.4882772288E+001
 0.8585859    0.4863161922E+001
 0.8686869    0.4864711173E+001
 0.8787879    0.4859031711E+001
 0.8888889    0.4851017513E+001
 0.8989899    0.4836994381E+001
 0.9090909    0.4842283202E+001
 0.9191919    0.4826578560E+001
 0.9292929    0.4819425218E+001
 0.9393939    0.4821640624E+001
 0.9494949    0.4821437387E+001
 0.9595960    0.4799635018E+001
 0.9696970    0.4797334623E+001
 0.9797980    0.4769758649E+001
 0.9898990    0.4774243546E+001
 1.0000000    0.4759861547E+001


# Weightfunction after cycle     164515
 0.0000000    0.0000000000E+000
 0.0101010    0.7272244042E-002
 0.0202020    0.7604320147E-002
 0.0303030    0.1602202359E-001
 0.0404040    0.1337486277E-001
 0.0505051    0.2596127721E-001
 0.0606061    0.5569665377E-001
 0.0707071    0.7344268733E-001
 0.0808081    0.9447676012E-001
 0.0909091    0.1363862375E+000
 0.1010101    0.1649438398E+000
 0.1111111    0.2018376767E+000
 0.1212121    0.2612134947E+000
 0.1313131    0.3137245354E+000
 0.1414141    0.3610938697E+000
 0.1515152    0.4403203397E+000
 0.1616162    0.5050473909E+000
 0.1717172    0.5822062246E+000
 0.1818182    0.6689938973E+000
 0.1919192    0.7504389209E+000
 0.2020202    0.8577342429E+000
 0.2121212    0.9683124040E+000
 0.2222222    0.1082443616E+001
 0.2323232    0.1211519911E+001
 0.2424242    0.1357008932E+001
 0.2525253    0.1464888071E+001
 0.2626263    0.1633041378E+001
 0.2727273    0.1770173408E+001
 0.2828283    0.1930049634E+001
 0.2929293    0.2081652736E+001
 0.3030303    0.2274920118E+001
 0.3131313    0.2424711438E+001
 0.3232323    0.2572147881E+001
 0.3333333    0.2727660859E+001
 0.3434343    0.2888953705E+001
 0.3535354    0.3021625926E+001
 0.3636364    0.3149758211E+001
 0.3737374    0.3263482572E+001
 0.3838384    0.3356071938E+001
 0.3939394    0.3454216812E+001
 0.4040404    0.3547147239E+001
 0.4141414    0.3619733051E+001
 0.4242424    0.3699103580E+001
 0.4343434    0.3763350988E+001
 0.4444444    0.3841691322E+001
 0.4545455    0.3907819569E+001
 0.4646465    0.3951422202E+001
 0.4747475    0.4006356772E+001
 0.4848485    0.4064679524E+001
 0.4949495    0.4124536732E+001
 0.5050505    0.4171225427E+001
 0.5151515    0.4221900674E+001
 0.5252525    0.4267844732E+001
 0.5353535    0.4301526323E+001
 0.5454545    0.4360425929E+001
 0.5555556    0.4390139477E+001
 0.5656566    0.4437711174E+001
 0.5757576    0.4461569880E+001
 0.5858586    0.4512478854E+001
 0.5959596    0.4539073026E+001
 0.6060606    0.4570480751E+001
 0.6161616    0.4609202949E+001
 0.6262626    0.4636362342E+001
 0.6363636    0.4669987812E+001
 0.6464646    0.4692092686E+001
 0.6565657    0.4722365344E+001
 0.6666667    0.4742176862E+001
 0.6767677    0.4770042046E+001
 0.6868687    0.4802024434E+001
 0.6969697    0.4823020541E+001
 0.7070707    0.4849202079E+001
 0.7171717    0.4842394035E+001
 0.7272727    0.4847846230E+001
 0.7373737    0.4840796177E+001
 0.7474747    0.4824790860E+001
 0.7575758    0.4824110360E+001
 0.7676768    0.4840615772E+001
 0.7777778    0.4824325853E+001
 0.7878788    0.4824185679E+001
 0.7979798    0.4822587926E+001
 0.8080808    0.4804319485E+001
 0.8181818    0.4813558875E+001
 0.8282828    0.4820205637E+001
 0.8383838    0.4802907899E+001
 0.8484848    0.4800974092E+001
 0.8585859    0.4786415968E+001
 0.8686869    0.4784436670E+001
 0.8787879    0.4771780303E+001
 0.8888889    0.4768236938E+001
 0.8989899    0.4754855360E+001
 0.9090909    0.4755492911E+001
 0.9191919    0.4745782794E+001
 0.9292929    0.4738509160E+001
 0.9393939    0.4735592131E+001
 0.9494949    0.4743087547E+001
 0.9595960    0.4723530618E+001
 0.9696970    0.4709000592E+001
 0.9797980    0.4697684013E+001
 0.9898990    0.4694951423E+001
 1.0000000    0.4694443039E+001


# Weightfunction after cycle     181644
 0.0000000    0.0000000000E+000
 0.0101010    0.6657421004E-002
 0.0202020    0.3206998854E-002
 0.0303030    0.1276078834E-001
 0.0404040    0.1039430761E-001
 0.0505051    0.2606820296E-001
 0.0606061    0.5218146988E-001
 0.0707071    0.6789591427E-001
 0.0808081    0.9154966784E-001
 0.0909091    0.1341274311E+000
 0.1010101    0.1621637704E+000
 0.1111111    0.1961305150E+000
 0.1212121    0.2582864024E+000
 0.1313131    0.3052105729E+000
 0.1414141    0.3581534117E+000
 0.1515152    0.4334102634E+000
 0.1616162    0.4972551772E+000
 0.1717172    0.5784370920E+000
 0.1818182    0.6656658335E+000
 0.1919192    0.7466296912E+000
 0.2020202    0.8534705788E+000
 0.2121212    0.9622176365E+000
 0.2222222    0.1076709723E+001
 0.2323232    0.1205638995E+001
 0.2424242    0.1352143811E+001
 0.2525253    0.1462455510E+001
 0.2626263    0.1624514049E+001
 0.2727273    0.1765107801E+001
 0.2828283    0.1923259849E+001
 0.2929293    0.2072831362E+001
 0.3030303    0.2266673470E+001
 0.3131313    0.2417240002E+001
 0.3232323    0.2562337444E+001
 0.3333333    0.2719454308E+001
 0.3434343    0.2876242907E+001
 0.3535354    0.3009850728E+001
 0.3636364    0.3138851785E+001
 0.3737374    0.3248566430E+001
 0.3838384    0.3338108412E+001
 0.3939394    0.3436881476E+001
 0.4040404    0.3531549445E+001
 0.4141414    0.3600994314E+001
 0.4242424    0.3680231185E+001
 0.4343434    0.3742540565E+001
 0.4444444    0.3822190739E+001
 0.4545455    0.3886461151E+001
 0.4646465    0.3932897316E+001
 0.4747475    0.3988740755E+001
 0.4848485    0.4042866672E+001
 0.4949495    0.4108751818E+001
 0.5050505    0.4150802610E+001
 0.5151515    0.4195302895E+001
 0.5252525    0.4243879999E+001
 0.5353535    0.4284872638E+001
 0.5454545    0.4341259489E+001
 0.5555556    0.4373124918E+001
 0.5656566    0.4420669884E+001
 0.5757576    0.4445798333E+001
 0.5858586    0.4492363448E+001
 0.5959596    0.4524932096E+001
 0.6060606    0.4556152701E+001
 0.6161616    0.4590250360E+001
 0.6262626    0.4623678276E+001
 0.6363636    0.4658252712E+001
 0.6464646    0.4683632186E+001
 0.6565657    0.4714252354E+001
 0.6666667    0.4732727300E+001
 0.6767677    0.4757371345E+001
 0.6868687    0.4791358591E+001
 0.6969697    0.4815228328E+001
 0.7070707    0.4839993099E+001
 0.7171717    0.4831353952E+001
 0.7272727    0.4838075890E+001
 0.7373737    0.4830451111E+001
 0.7474747    0.4815127445E+001
 0.7575758    0.4819111582E+001
 0.7676768    0.4833157701E+001
 0.7777778    0.4815704964E+001
 0.7878788    0.4817115214E+001
 0.7979798    0.4811908717E+001
 0.8080808    0.4797890575E+001
 0.8181818    0.4803614781E+001
 0.8282828    0.4809526429E+001
 0.8383838    0.4789288232E+001
 0.8484848    0.4788290026E+001
 0.8585859    0.4780895926E+001
 0.8686869    0.4777058793E+001
 0.8787879    0.4763359900E+001
 0.8888889    0.4760551650E+001
 0.8989899    0.4740326824E+001
 0.9090909    0.4745187942E+001
 0.9191919    0.4734421933E+001
 0.9292929    0.4727495808E+001
 0.9393939    0.4725928716E+001
 0.9494949    0.4732127658E+001
 0.9595960    0.4711488106E+001
 0.9696970    0.4699363909E+001
 0.9797980    0.4691067983E+001
 0.9898990    0.4685568688E+001
 1.0000000    0.4684926647E+001


# Weightfunction after cycle     200443
 0.0000000    0.1185867199E-002
 0.0101010    0.4163260454E-002
 0.0202020    0.0000000000E+000
 0.0303030    0.1028444875E-001
 0.0404040    0.7116024922E-002
 0.0505051    0.2741445877E-001
 0.0606061    0.5177236137E-001
 0.0707071    0.6647992166E-001
 0.0808081    0.9203160721E-001
 0.0909091    0.1339410846E+000
 0.1010101    0.1622447382E+000
 0.1111111    0.1956055703E+000
 0.1212121    0.2578238310E+000
 0.1313131    0.3047390911E+000
 0.1414141    0.3561849694E+000
 0.1515152    0.4319318974E+000
 0.1616162    0.4966054858E+000
 0.1717172    0.5768518003E+000
 0.1818182    0.6647577382E+000
 0.1919192    0.7483412766E+000
 0.2020202    0.8518140033E+000
 0.2121212    0.9619332747E+000
 0.2222222    0.1075133342E+001
 0.2323232    0.1209596021E+001
 0.2424242    0.1350095174E+001
 0.2525253    0.1463035465E+001
 0.2626263    0.1625138557E+001
 0.2727273    0.1770000427E+001
 0.2828283    0.1925327854E+001
 0.2929293    0.2077492316E+001
 0.3030303    0.2271494812E+001
 0.3131313    0.2418497153E+001
 0.3232323    0.2567533026E+001
 0.3333333    0.2723037094E+001
 0.3434343    0.2882873077E+001
 0.3535354    0.3015554208E+001
 0.3636364    0.3143022662E+001
 0.3737374    0.3257147995E+001
 0.3838384    0.3348935418E+001
 0.3939394    0.3447378793E+001
 0.4040404    0.3539275604E+001
 0.4141414    0.3610324359E+001
 0.4242424    0.3689819634E+001
 0.4343434    0.3753002241E+001
 0.4444444    0.3832999923E+001
 0.4545455    0.3896530766E+001
 0.4646465    0.3939171067E+001
 0.4747475    0.3997179752E+001
 0.4848485    0.4051501700E+001
 0.4949495    0.4118179879E+001
 0.5050505    0.4159615847E+001
 0.5151515    0.4203403293E+001
 0.5252525    0.4249806241E+001
 0.5353535    0.4291021642E+001
 0.5454545    0.4344637334E+001
 0.5555556    0.4378721472E+001
 0.5656566    0.4426364453E+001
 0.5757576    0.4453185893E+001
 0.5858586    0.4497140238E+001
 0.5959596    0.4530849427E+001
 0.6060606    0.4558113779E+001
 0.6161616    0.4592933188E+001
 0.6262626    0.4623349361E+001
 0.6363636    0.4658378232E+001
 0.6464646    0.4683374556E+001
 0.6565657    0.4712096791E+001
 0.6666667    0.4731587532E+001
 0.6767677    0.4757309745E+001
 0.6868687    0.4790174270E+001
 0.6969697    0.4812716346E+001
 0.7070707    0.4837561312E+001
 0.7171717    0.4827505399E+001
 0.7272727    0.4831999717E+001
 0.7373737    0.4825408554E+001
 0.7474747    0.4814335186E+001
 0.7575758    0.4818203486E+001
 0.7676768    0.4829629925E+001
 0.7777778    0.4811366335E+001
 0.7878788    0.4810923204E+001
 0.7979798    0.4808746270E+001
 0.8080808    0.4793257899E+001
 0.8181818    0.4801040426E+001
 0.8282828    0.4805963011E+001
 0.8383838    0.4786918818E+001
 0.8484848    0.4786214658E+001
 0.8585859    0.4776459281E+001
 0.8686869    0.4772212266E+001
 0.8787879    0.4761391458E+001
 0.8888889    0.4757442666E+001
 0.8989899    0.4737886126E+001
 0.9090909    0.4741811644E+001
 0.9191919    0.4734297960E+001
 0.9292929    0.4723700717E+001
 0.9393939    0.4720850517E+001
 0.9494949    0.4723387251E+001
 0.9595960    0.4710348338E+001
 0.9696970    0.4699765654E+001
 0.9797980    0.4688172851E+001
 0.9898990    0.4681025118E+001
 1.0000000    0.4681585991E+001


# Weightfunction after cycle     212580
 0.0000000    0.5502530437E-003
 0.0101010    0.2785106399E-002
 0.0202020    0.0000000000E+000
 0.0303030    0.1148439323E-001
 0.0404040    0.7912027696E-002
 0.0505051    0.2860252262E-001
 0.0606061    0.5127931488E-001
 0.0707071    0.6863031721E-001
 0.0808081    0.9264940041E-001
 0.0909091    0.1348677744E+000
 0.1010101    0.1620249464E+000
 0.1111111    0.1953026140E+000
 0.1212121    0.2570159476E+000
 0.1313131    0.3031530259E+000
 0.1414141    0.3561077452E+000
 0.1515152    0.4311834172E+000
 0.1616162    0.4968015163E+000
 0.1717172    0.5767448746E+000
 0.1818182    0.6650844557E+000
 0.1919192    0.7491966826E+000
 0.2020202    0.8510061199E+000
 0.2121212    0.9621946487E+000
 0.2222222    0.1075804598E+001
 0.2323232    0.1209714828E+001
 0.2424242    0.1350172398E+001
 0.2525253    0.1463380003E+001
 0.2626263    0.1624669271E+001
 0.2727273    0.1769733113E+001
 0.2828283    0.1925232809E+001
 0.2929293    0.2078579394E+001
 0.3030303    0.2270562182E+001
 0.3131313    0.2417148700E+001
 0.3232323    0.2567800341E+001
 0.3333333    0.2721831209E+001
 0.3434343    0.2884631411E+001
 0.3535354    0.3016177942E+001
 0.3636364    0.3143717680E+001
 0.3737374    0.3257344025E+001
 0.3838384    0.3350070019E+001
 0.3939394    0.3450224206E+001
 0.4040404    0.3540041905E+001
 0.4141414    0.3612254963E+001
 0.4242424    0.3691061161E+001
 0.4343434    0.3755063531E+001
 0.4444444    0.3832934580E+001
 0.4545455    0.3897172320E+001
 0.4646465    0.3938951275E+001
 0.4747475    0.3998712355E+001
 0.4848485    0.4052838272E+001
 0.4949495    0.4120585708E+001
 0.5050505    0.4159930684E+001
 0.5151515    0.4205957631E+001
 0.5252525    0.4253388254E+001
 0.5353535    0.4294175952E+001
 0.5454545    0.4347815405E+001
 0.5555556    0.4380753062E+001
 0.5656566    0.4429423718E+001
 0.5757576    0.4456352083E+001
 0.5858586    0.4500431175E+001
 0.5959596    0.4534674993E+001
 0.6060606    0.4562224480E+001
 0.6161616    0.4596693410E+001
 0.6262626    0.4627822422E+001
 0.6363636    0.4661182062E+001
 0.6464646    0.4688322842E+001
 0.6565657    0.4716142149E+001
 0.6666667    0.4736333847E+001
 0.6767677    0.4760666026E+001
 0.6868687    0.4794415658E+001
 0.6969697    0.4818710128E+001
 0.7070707    0.4843002644E+001
 0.7171717    0.4831289382E+001
 0.7272727    0.4835575789E+001
 0.7373737    0.4829376687E+001
 0.7474747    0.4820418073E+001
 0.7575758    0.4822789413E+001
 0.7676768    0.4834340598E+001
 0.7777778    0.4815993843E+001
 0.7878788    0.4815360623E+001
 0.7979798    0.4814674709E+001
 0.8080808    0.4798705172E+001
 0.8181818    0.4806048115E+001
 0.8282828    0.4809943024E+001
 0.8383838    0.4791320595E+001
 0.8484848    0.4791917364E+001
 0.8585859    0.4781591717E+001
 0.8686869    0.4777445687E+001
 0.8787879    0.4766458550E+001
 0.8888889    0.4762248384E+001
 0.8989899    0.4743814565E+001
 0.9090909    0.4747549993E+001
 0.9191919    0.4738931409E+001
 0.9292929    0.4729540051E+001
 0.9393939    0.4727693765E+001
 0.9494949    0.4726874219E+001
 0.9595960    0.4715017429E+001
 0.9696970    0.4705367375E+001
 0.9797980    0.4692443940E+001
 0.9898990    0.4687666395E+001
 1.0000000    0.4688001536E+001


# Weightfunction after cycle     227555
 0.0000000    0.1912566248E-002
 0.0101010    0.2507891502E-002
 0.0202020    0.0000000000E+000
 0.0303030    0.1156755770E-001
 0.0404040    0.8894160472E-002
 0.0505051    0.2795304772E-001
 0.0606061    0.5268915064E-001
 0.0707071    0.7017876042E-001
 0.0808081    0.9371073744E-001
 0.0909091    0.1363330531E+000
 0.1010101    0.1626189783E+000
 0.1111111    0.1967322509E+000
 0.1212121    0.2574990935E+000
 0.1313131    0.3041945618E+000
 0.1414141    0.3570423554E+000
 0.1515152    0.4322566349E+000
 0.1616162    0.4981677897E+000
 0.1717172    0.5775210763E+000
 0.1818182    0.6669774374E+000
 0.1919192    0.7493471707E+000
 0.2020202    0.8505467352E+000
 0.2121212    0.9621194047E+000
 0.2222222    0.1077705500E+001
 0.2323232    0.1212178080E+001
 0.2424242    0.1349621929E+001
 0.2525253    0.1464627470E+001
 0.2626263    0.1625433592E+001
 0.2727273    0.1769222245E+001
 0.2828283    0.1925929806E+001
 0.2929293    0.2079537766E+001
 0.3030303    0.2270677028E+001
 0.3131313    0.2416519026E+001
 0.3232323    0.2568437935E+001
 0.3333333    0.2722096544E+001
 0.3434343    0.2883637398E+001
 0.3535354    0.3015445302E+001
 0.3636364    0.3141796976E+001
 0.3737374    0.3256722272E+001
 0.3838384    0.3349226493E+001
 0.3939394    0.3449610373E+001
 0.4040404    0.3537582613E+001
 0.4141414    0.3610979774E+001
 0.4242424    0.3689940421E+001
 0.4343434    0.3752877494E+001
 0.4444444    0.3830994075E+001
 0.4545455    0.3895330821E+001
 0.4646465    0.3937311747E+001
 0.4747475    0.3997571814E+001
 0.4848485    0.4050699757E+001
 0.4949495    0.4117793758E+001
 0.5050505    0.4158105026E+001
 0.5151515    0.4202773619E+001
 0.5252525    0.4249736938E+001
 0.5353535    0.4292314652E+001
 0.5454545    0.4343886874E+001
 0.5555556    0.4376285942E+001
 0.5656566    0.4426065457E+001
 0.5757576    0.4453734383E+001
 0.5858586    0.4497682788E+001
 0.5959596    0.4531201886E+001
 0.6060606    0.4560462186E+001
 0.6161616    0.4593687608E+001
 0.6262626    0.4624689894E+001
 0.6363636    0.4657800041E+001
 0.6464646    0.4685709101E+001
 0.6565657    0.4713750180E+001
 0.6666667    0.4732734013E+001
 0.6767677    0.4758036444E+001
 0.6868687    0.4791445499E+001
 0.6969697    0.4815656804E+001
 0.7070707    0.4839747350E+001
 0.7171717    0.4828303382E+001
 0.7272727    0.4832253171E+001
 0.7373737    0.4826121392E+001
 0.7474747    0.4817059813E+001
 0.7575758    0.4820801386E+001
 0.7676768    0.4831505086E+001
 0.7777778    0.4814298872E+001
 0.7878788    0.4812952813E+001
 0.7979798    0.4811870878E+001
 0.8080808    0.4796855752E+001
 0.8181818    0.4803616545E+001
 0.8282828    0.4806386753E+001
 0.8383838    0.4788287072E+001
 0.8484848    0.4788939284E+001
 0.8585859    0.4778724523E+001
 0.8686869    0.4774530971E+001
 0.8787879    0.4764419041E+001
 0.8888889    0.4759662365E+001
 0.8989899    0.4741078058E+001
 0.9090909    0.4745506523E+001
 0.9191919    0.4736483998E+001
 0.9292929    0.4727163923E+001
 0.9393939    0.4725250313E+001
 0.9494949    0.4724161473E+001
 0.9595960    0.4712173997E+001
 0.9696970    0.4701668536E+001
 0.9797980    0.4688198592E+001
 0.9898990    0.4684561588E+001
 1.0000000    0.4685344233E+001


# Weightfunction after cycle     269373
 0.0000000    0.1569347805E-002
 0.0101010    0.1362069931E-002
 0.0202020    0.0000000000E+000
 0.0303030    0.1213254806E-001
 0.0404040    0.9963417929E-002
 0.0505051    0.2788176389E-001
 0.0606061    0.5256242383E-001
 0.0707071    0.7111865092E-001
 0.0808081    0.9549547334E-001
 0.0909091    0.1369798879E+000
 0.1010101    0.1639839317E+000
 0.1111111    0.1973262828E+000
 0.1212121    0.2569420236E+000
 0.1313131    0.3045826627E+000
 0.1414141    0.3576152662E+000
 0.1515152    0.4318975756E+000
 0.1616162    0.4977876093E+000
 0.1717172    0.5779118173E+000
 0.1818182    0.6667292641E+000
 0.1919192    0.7505167535E+000
 0.2020202    0.8523314711E+000
 0.2121212    0.9627820803E+000
 0.2222222    0.1079556239E+001
 0.2323232    0.1212336489E+001
 0.2424242    0.1349249669E+001
 0.2525253    0.1466636618E+001
 0.2626263    0.1626545092E+001
 0.2727273    0.1770043329E+001
 0.2828283    0.1928699315E+001
 0.2929293    0.2081702682E+001
 0.3030303    0.2272688817E+001
 0.3131313    0.2418314323E+001
 0.3232323    0.2571922922E+001
 0.3333333    0.2724298422E+001
 0.3434343    0.2885720470E+001
 0.3535354    0.3019323671E+001
 0.3636364    0.3145928798E+001
 0.3737374    0.3259821799E+001
 0.3838384    0.3353532565E+001
 0.3939394    0.3454090694E+001
 0.4040404    0.3541598269E+001
 0.4141414    0.3615222482E+001
 0.4242424    0.3694510506E+001
 0.4343434    0.3758559079E+001
 0.4444444    0.3837010959E+001
 0.4545455    0.3900170201E+001
 0.4646465    0.3943484399E+001
 0.4747475    0.4003316762E+001
 0.4848485    0.4056935772E+001
 0.4949495    0.4123950569E+001
 0.5050505    0.4163894857E+001
 0.5151515    0.4209582545E+001
 0.5252525    0.4256519462E+001
 0.5353535    0.4300942635E+001
 0.5454545    0.4349460214E+001
 0.5555556    0.4383960834E+001
 0.5656566    0.4433616263E+001
 0.5757576    0.4461007973E+001
 0.5858586    0.4506614387E+001
 0.5959596    0.4539547375E+001
 0.6060606    0.4570164707E+001
 0.6161616    0.4601336099E+001
 0.6262626    0.4633983193E+001
 0.6363636    0.4667998909E+001
 0.6464646    0.4695876287E+001
 0.6565657    0.4723325975E+001
 0.6666667    0.4742660947E+001
 0.6767677    0.4768974552E+001
 0.6868687    0.4801348671E+001
 0.6969697    0.4825916396E+001
 0.7070707    0.4850888748E+001
 0.7171717    0.4839642791E+001
 0.7272727    0.4842755655E+001
 0.7373737    0.4836740042E+001
 0.7474747    0.4828000561E+001
 0.7575758    0.4831602206E+001
 0.7676768    0.4841550825E+001
 0.7777778    0.4826065985E+001
 0.7878788    0.4824630161E+001
 0.7979798    0.4822555532E+001
 0.8080808    0.4808234764E+001
 0.8181818    0.4813440513E+001
 0.8282828    0.4816068154E+001
 0.8383838    0.4798435777E+001
 0.8484848    0.4798142819E+001
 0.8585859    0.4788677858E+001
 0.8686869    0.4784737759E+001
 0.8787879    0.4774493822E+001
 0.8888889    0.4769148395E+001
 0.8989899    0.4752528353E+001
 0.9090909    0.4754886947E+001
 0.9191919    0.4746102034E+001
 0.9292929    0.4737624166E+001
 0.9393939    0.4734337682E+001
 0.9494949    0.4732797377E+001
 0.9595960    0.4720923427E+001
 0.9696970    0.4709942741E+001
 0.9797980    0.4696950662E+001
 0.9898990    0.4694158503E+001
 1.0000000    0.4694046141E+001


# Weightfunction after cycle     276284
 0.0000000    0.1740076980E-002
 0.0101010    0.1578561564E-002
 0.0202020    0.0000000000E+000
 0.0303030    0.1174532725E-001
 0.0404040    0.1009542502E-001
 0.0505051    0.2790464511E-001
 0.0606061    0.5278243565E-001
 0.0707071    0.7105176733E-001
 0.0808081    0.9543034984E-001
 0.0909091    0.1367317145E+000
 0.1010101    0.1637868011E+000
 0.1111111    0.1974547697E+000
 0.1212121    0.2570669903E+000
 0.1313131    0.3045597814E+000
 0.1414141    0.3576997507E+000
 0.1515152    0.4320735851E+000
 0.1616162    0.4978333717E+000
 0.1717172    0.5784116841E+000
 0.1818182    0.6670020788E+000
 0.1919192    0.7507191644E+000
 0.2020202    0.8523860340E+000
 0.2121212    0.9624283013E+000
 0.2222222    0.1079623123E+001
 0.2323232    0.1212318888E+001
 0.2424242    0.1348818445E+001
 0.2525253    0.1466659500E+001
 0.2626263    0.1626659498E+001
 0.2727273    0.1770340785E+001
 0.2828283    0.1928995011E+001
 0.2929293    0.2082026539E+001
 0.3030303    0.2272945790E+001
 0.3131313    0.2418476252E+001
 0.3232323    0.2571893000E+001
 0.3333333    0.2724381146E+001
 0.3434343    0.2885414213E+001
 0.3535354    0.3019344792E+001
 0.3636364    0.3146011523E+001
 0.3737374    0.3259909803E+001
 0.3838384    0.3353738496E+001
 0.3939394    0.3453918205E+001
 0.4040404    0.3541286732E+001
 0.4141414    0.3615683627E+001
 0.4242424    0.3694593231E+001
 0.4343434    0.3758560839E+001
 0.4444444    0.3836880712E+001
 0.4545455    0.3900384933E+001
 0.4646465    0.3943421035E+001
 0.4747475    0.4003508613E+001
 0.4848485    0.4057264909E+001
 0.4949495    0.4124045614E+001
 0.5050505    0.4164500329E+001
 0.5151515    0.4209485740E+001
 0.5252525    0.4256515942E+001
 0.5353535    0.4300757826E+001
 0.5454545    0.4349576380E+001
 0.5555556    0.4384235409E+001
 0.5656566    0.4433764111E+001
 0.5757576    0.4461462078E+001
 0.5858586    0.4506984007E+001
 0.5959596    0.4539605458E+001
 0.6060606    0.4570219270E+001
 0.6161616    0.4601821886E+001
 0.6262626    0.4634166243E+001
 0.6363636    0.4667965467E+001
 0.6464646    0.4696319831E+001
 0.6565657    0.4724014172E+001
 0.6666667    0.4742972484E+001
 0.6767677    0.4769571224E+001
 0.6868687    0.4802200557E+001
 0.6969697    0.4826322977E+001
 0.7070707    0.4851047157E+001
 0.7171717    0.4840228903E+001
 0.7272727    0.4843296004E+001
 0.7373737    0.4837398318E+001
 0.7474747    0.4828986214E+001
 0.7575758    0.4832116154E+001
 0.7676768    0.4842103495E+001
 0.7777778    0.4826910830E+001
 0.7878788    0.4825277876E+001
 0.7979798    0.4823173326E+001
 0.8080808    0.4808621985E+001
 0.8181818    0.4813864695E+001
 0.8282828    0.4816728189E+001
 0.8383838    0.4798668110E+001
 0.8484848    0.4798530039E+001
 0.8585859    0.4789117881E+001
 0.8686869    0.4785499880E+001
 0.8787879    0.4775164418E+001
 0.8888889    0.4769701065E+001
 0.8989899    0.4752945495E+001
 0.9090909    0.4755210804E+001
 0.9191919    0.4746749749E+001
 0.9292929    0.4738417968E+001
 0.9393939    0.4734545373E+001
 0.9494949    0.4733260282E+001
 0.9595960    0.4720821341E+001
 0.9696970    0.4710308840E+001
 0.9797980    0.4697283320E+001
 0.9898990    0.4694323952E+001
 1.0000000    0.4694148226E+001


# Weightfunction after cycle     279530
 0.0000000    0.1870323978E-002
 0.0101010    0.1734623284E-002
 0.0202020    0.0000000000E+000
 0.0303030    0.1188026784E-001
 0.0404040    0.1015644163E-001
 0.0505051    0.2805718665E-001
 0.0606061    0.5276483470E-001
 0.0707071    0.7117497395E-001
 0.0808081    0.9548432608E-001
 0.0909091    0.1366706979E+000
 0.1010101    0.1637961883E+000
 0.1111111    0.1974970120E+000
 0.1212121    0.2569449571E+000
 0.1313131    0.3044365748E+000
 0.1414141    0.3577220453E+000
 0.1515152    0.4321170007E+000
 0.1616162    0.4977934763E+000
 0.1717172    0.5782837839E+000
 0.1818182    0.6669305016E+000
 0.1919192    0.7507262048E+000
 0.2020202    0.8524341433E+000
 0.2121212    0.9624576362E+000
 0.2222222    0.1079519864E+001
 0.2323232    0.1212361130E+001
 0.2424242    0.1348586113E+001
 0.2525253    0.1466544507E+001
 0.2626263    0.1626697047E+001
 0.2727273    0.1770428790E+001
 0.2828283    0.1928972717E+001
 0.2929293    0.2082130972E+001
 0.3030303    0.2272694684E+001
 0.3131313    0.2418486812E+001
 0.3232323    0.2572023247E+001
 0.3333333    0.2724498486E+001
 0.3434343    0.2885418907E+001
 0.3535354    0.3019402288E+001
 0.3636364    0.3145976321E+001
 0.3737374    0.3259798331E+001
 0.3838384    0.3353677479E+001
 0.3939394    0.3453669445E+001
 0.4040404    0.3541246837E+001
 0.4141414    0.3615477109E+001
 0.4242424    0.3694458290E+001
 0.4343434    0.3758387177E+001
 0.4444444    0.3836867804E+001
 0.4545455    0.3900264073E+001
 0.4646465    0.3943193396E+001
 0.4747475    0.4003509786E+001
 0.4848485    0.4057057218E+001
 0.4949495    0.4123796854E+001
 0.5050505    0.4164348961E+001
 0.5151515    0.4209353146E+001
 0.5252525    0.4256436151E+001
 0.5353535    0.4300593550E+001
 0.5454545    0.4349501282E+001
 0.5555556    0.4384302292E+001
 0.5656566    0.4433742990E+001
 0.5757576    0.4461392847E+001
 0.5858586    0.4506940592E+001
 0.5959596    0.4539598417E+001
 0.6060606    0.4570310795E+001
 0.6161616    0.4601859434E+001
 0.6262626    0.4634163896E+001
 0.6363636    0.4667905624E+001
 0.6464646    0.4696235347E+001
 0.6565657    0.4724001264E+001
 0.6666667    0.4742987738E+001
 0.6767677    0.4769563010E+001
 0.6868687    0.4802191170E+001
 0.6969697    0.4826469652E+001
 0.7070707    0.4850936857E+001
 0.7171717    0.4840235943E+001
 0.7272727    0.4843250241E+001
 0.7373737    0.4837229349E+001
 0.7474747    0.4828840712E+001
 0.7575758    0.4832005855E+001
 0.7676768    0.4841973248E+001
 0.7777778    0.4826807571E+001
 0.7878788    0.4825236807E+001
 0.7979798    0.4822979715E+001
 0.8080808    0.4808612597E+001
 0.8181818    0.4813701593E+001
 0.8282828    0.4816580341E+001
 0.8383838    0.4798659896E+001
 0.8484848    0.4798528866E+001
 0.8585859    0.4789054518E+001
 0.8686869    0.4785350859E+001
 0.8787879    0.4774991929E+001
 0.8888889    0.4769739787E+001
 0.8989899    0.4752941975E+001
 0.9090909    0.4754966738E+001
 0.9191919    0.4746637103E+001
 0.9292929    0.4738261906E+001
 0.9393939    0.4734465582E+001
 0.9494949    0.4733015042E+001
 0.9595960    0.4720532686E+001
 0.9696970    0.4710195021E+001
 0.9797980    0.4697144859E+001
 0.9898990    0.4694178451E+001
 1.0000000    0.4694111851E+001


