# Evolution of the weightfunction during equilibration phase for fractional: H2O_TIP
# Weightfunction after cycle        657
 0.0000000    0.9025498930E+001
 0.0101010    0.8618991300E+001
 0.0202020    0.8237003310E+001
 0.0303030    0.8542439630E+001
 0.0404040    0.9358239940E+001
 0.0505051    0.8393059350E+001
 0.0606061    0.8130906500E+001
 0.0707071    0.9573868450E+001
 0.0808081    0.8315617370E+001
 0.0909091    0.9283458810E+001
 0.1010101    0.9561570370E+001
 0.1111111    0.9653657910E+001
 0.1212121    0.8845065630E+001
 0.1313131    0.9350722780E+001
 0.1414141    0.1006212523E+002
 0.1515152    0.9680184760E+001
 0.1616162    0.9434255070E+001
 0.1717172    0.9681688100E+001
 0.1818182    0.9856401020E+001
 0.1919192    0.1011697777E+002
 0.2020202    0.1080212633E+002
 0.2121212    0.1028831720E+002
 0.2222222    0.1080437780E+002
 0.2323232    0.1067956541E+002
 0.2424242    0.1108155987E+002
 0.2525253    0.1148792103E+002
 0.2626263    0.1224233971E+002
 0.2727273    0.1169649575E+002
 0.2828283    0.1224900881E+002
 0.2929293    0.1186299024E+002
 0.3030303    0.1235574378E+002
 0.3131313    0.1285209801E+002
 0.3232323    0.1332993535E+002
 0.3333333    0.1339813377E+002
 0.3434343    0.1447294703E+002
 0.3535354    0.1343332106E+002
 0.3636364    0.1328998042E+002
 0.3737374    0.1461380633E+002
 0.3838384    0.1417693677E+002
 0.3939394    0.1350870473E+002
 0.4040404    0.1473571955E+002
 0.4141414    0.1456996698E+002
 0.4242424    0.1510898514E+002
 0.4343434    0.1395210944E+002
 0.4444444    0.1577839588E+002
 0.4545455    0.1457985057E+002
 0.4646465    0.1600777622E+002
 0.4747475    0.1624008737E+002
 0.4848485    0.1564939107E+002
 0.4949495    0.1537081175E+002
 0.5050505    0.1569772390E+002
 0.5151515    0.1571770097E+002
 0.5252525    0.1550059738E+002
 0.5353535    0.1603063684E+002
 0.5454545    0.1553396827E+002
 0.5555556    0.1624477056E+002
 0.5656566    0.1587395909E+002
 0.5757576    0.1646695322E+002
 0.5858586    0.1628646506E+002
 0.5959596    0.1619294543E+002
 0.6060606    0.1588830848E+002
 0.6161616    0.1598318925E+002
 0.6262626    0.1635540078E+002
 0.6363636    0.1670484447E+002
 0.6464646    0.1597024149E+002
 0.6565657    0.1651025350E+002
 0.6666667    0.1601813344E+002
 0.6767677    0.1653429883E+002
 0.6868687    0.1610439733E+002
 0.6969697    0.1631873058E+002
 0.7070707    0.1648795067E+002
 0.7171717    0.1634663660E+002
 0.7272727    0.1607924134E+002
 0.7373737    0.1530134381E+002
 0.7474747    0.1551728387E+002
 0.7575758    0.1559520104E+002
 0.7676768    0.1498777611E+002
 0.7777778    0.1563668027E+002
 0.7878788    0.1545453501E+002
 0.7979798    0.1506786210E+002
 0.8080808    0.1548515989E+002
 0.8181818    0.1522340283E+002
 0.8282828    0.1535983823E+002
 0.8383838    0.1487760841E+002
 0.8484848    0.1345420445E+002
 0.8585859    0.1363133528E+002
 0.8686869    0.1314805741E+002
 0.8787879    0.1316306749E+002
 0.8888889    0.1229158857E+002
 0.8989899    0.1272919322E+002
 0.9090909    0.1082308939E+002
 0.9191919    0.9866484667E+001
 0.9292929    0.7083034282E+001
 0.9393939    0.7362962734E+001
 0.9494949    0.6307496450E+001
 0.9595960    0.5373215304E+001
 0.9696970    0.4339401377E+001
 0.9797980    0.3198713318E+001
 0.9898990    0.2013374440E+001
 1.0000000    0.0000000000E+000


# Weightfunction after cycle       1340
 0.0000000    0.5025498930E+001
 0.0101010    0.5018991300E+001
 0.0202020    0.4237003310E+001
 0.0303030    0.5409106297E+001
 0.0404040    0.4691573273E+001
 0.0505051    0.4459726017E+001
 0.0606061    0.5597573167E+001
 0.0707071    0.5307201783E+001
 0.0808081    0.5715617370E+001
 0.0909091    0.6216792143E+001
 0.1010101    0.5228237037E+001
 0.1111111    0.5586991243E+001
 0.1212121    0.5645065630E+001
 0.1313131    0.6150722780E+001
 0.1414141    0.5595458563E+001
 0.1515152    0.6146851427E+001
 0.1616162    0.6567588403E+001
 0.1717172    0.6281688100E+001
 0.1818182    0.6723067687E+001
 0.1919192    0.6783644437E+001
 0.2020202    0.6535459663E+001
 0.2121212    0.7421650533E+001
 0.2222222    0.7337711133E+001
 0.2323232    0.7212898743E+001
 0.2424242    0.8214893203E+001
 0.2525253    0.8421254363E+001
 0.2626263    0.8242339710E+001
 0.2727273    0.9096495750E+001
 0.2828283    0.9315675477E+001
 0.2929293    0.9129656907E+001
 0.3030303    0.8555743780E+001
 0.3131313    0.9585431343E+001
 0.3232323    0.9329935350E+001
 0.3333333    0.1059813377E+002
 0.3434343    0.1060628036E+002
 0.3535354    0.9099987727E+001
 0.3636364    0.1048998042E+002
 0.3737374    0.1088047300E+002
 0.3838384    0.1131027010E+002
 0.3939394    0.1117537140E+002
 0.4040404    0.1066905288E+002
 0.4141414    0.1143663365E+002
 0.4242424    0.1217565181E+002
 0.4343434    0.1135210944E+002
 0.4444444    0.1157839588E+002
 0.4545455    0.1157985057E+002
 0.4646465    0.1187444289E+002
 0.4747475    0.1170675404E+002
 0.4848485    0.1178272440E+002
 0.4949495    0.1277081175E+002
 0.5050505    0.1243105723E+002
 0.5151515    0.1205103430E+002
 0.5252525    0.1336726405E+002
 0.5353535    0.1229730351E+002
 0.5454545    0.1253396827E+002
 0.5555556    0.1277810389E+002
 0.5656566    0.1287395909E+002
 0.5757576    0.1326695322E+002
 0.5858586    0.1315313173E+002
 0.5959596    0.1285961210E+002
 0.6060606    0.1435497515E+002
 0.6161616    0.1351652258E+002
 0.6262626    0.1442206745E+002
 0.6363636    0.1423817780E+002
 0.6464646    0.1457024149E+002
 0.6565657    0.1464358683E+002
 0.6666667    0.1461813344E+002
 0.6767677    0.1560096550E+002
 0.6868687    0.1523773066E+002
 0.6969697    0.1538539725E+002
 0.7070707    0.1548795067E+002
 0.7171717    0.1581330327E+002
 0.7272727    0.1554590801E+002
 0.7373737    0.1503467714E+002
 0.7474747    0.1511728387E+002
 0.7575758    0.1472853437E+002
 0.7676768    0.1445444278E+002
 0.7777778    0.1430334694E+002
 0.7878788    0.1392120168E+002
 0.7979798    0.1380119543E+002
 0.8080808    0.1321849322E+002
 0.8181818    0.1309006950E+002
 0.8282828    0.1249317156E+002
 0.8383838    0.1187760841E+002
 0.8484848    0.1265420445E+002
 0.8585859    0.1076466861E+002
 0.8686869    0.1014805741E+002
 0.8787879    0.1029640082E+002
 0.8888889    0.1049158857E+002
 0.8989899    0.8995859886E+001
 0.9090909    0.8423089387E+001
 0.9191919    0.7399818000E+001
 0.9292929    0.7549700949E+001
 0.9393939    0.6762962734E+001
 0.9494949    0.5440829783E+001
 0.9595960    0.3839881971E+001
 0.9696970    0.2739401377E+001
 0.9797980    0.2332046651E+001
 0.9898990    0.1546707773E+001
 1.0000000    0.0000000000E+000


# Weightfunction after cycle       2048
 0.0000000    0.3469943374E+001
 0.0101010    0.4085657967E+001
 0.0202020    0.4237003310E+001
 0.0303030    0.3586884074E+001
 0.0404040    0.3447128829E+001
 0.0505051    0.3570837128E+001
 0.0606061    0.3686462056E+001
 0.0707071    0.3973868450E+001
 0.0808081    0.3804506259E+001
 0.0909091    0.3461236588E+001
 0.1010101    0.3228237037E+001
 0.1111111    0.4164769021E+001
 0.1212121    0.4356176741E+001
 0.1313131    0.4239611669E+001
 0.1414141    0.4573236341E+001
 0.1515152    0.3880184760E+001
 0.1616162    0.4967588403E+001
 0.1717172    0.4015021433E+001
 0.1818182    0.4634178798E+001
 0.1919192    0.4739199992E+001
 0.2020202    0.5202126330E+001
 0.2121212    0.5199428311E+001
 0.2222222    0.4759933356E+001
 0.2323232    0.4990676521E+001
 0.2424242    0.5237115426E+001
 0.2525253    0.5843476586E+001
 0.2626263    0.5931228599E+001
 0.2727273    0.6563162417E+001
 0.2828283    0.6871231032E+001
 0.2929293    0.6329656907E+001
 0.3030303    0.6422410447E+001
 0.3131313    0.6652098010E+001
 0.3232323    0.7285490906E+001
 0.3333333    0.7487022659E+001
 0.3434343    0.7495169252E+001
 0.3535354    0.7588876616E+001
 0.3636364    0.7289980420E+001
 0.3737374    0.7947139663E+001
 0.3838384    0.7843603437E+001
 0.3939394    0.7619815841E+001
 0.4040404    0.8624608439E+001
 0.4141414    0.8458855869E+001
 0.4242424    0.8753429584E+001
 0.4343434    0.9040998329E+001
 0.4444444    0.8467284769E+001
 0.4545455    0.9002072792E+001
 0.4646465    0.9785553998E+001
 0.4747475    0.9573420703E+001
 0.4848485    0.1004939107E+002
 0.4949495    0.9259700639E+001
 0.5050505    0.9631057233E+001
 0.5151515    0.9828812081E+001
 0.5252525    0.1030059738E+002
 0.5353535    0.1029730351E+002
 0.5454545    0.1075619049E+002
 0.5555556    0.1077810389E+002
 0.5656566    0.1007395909E+002
 0.5757576    0.1122250878E+002
 0.5858586    0.1070868728E+002
 0.5959596    0.1143738987E+002
 0.6060606    0.1119941959E+002
 0.6161616    0.1120541147E+002
 0.6262626    0.1153317856E+002
 0.6363636    0.1188262225E+002
 0.6464646    0.1217024149E+002
 0.6565657    0.1193247572E+002
 0.6666667    0.1270702233E+002
 0.6767677    0.1213429883E+002
 0.6868687    0.1217106400E+002
 0.6969697    0.1236317502E+002
 0.7070707    0.1211017289E+002
 0.7171717    0.1225774771E+002
 0.7272727    0.1234590801E+002
 0.7373737    0.1285689937E+002
 0.7474747    0.1267283943E+002
 0.7575758    0.1246186771E+002
 0.7676768    0.1209888722E+002
 0.7777778    0.1225890249E+002
 0.7878788    0.1223231279E+002
 0.7979798    0.1144563988E+002
 0.8080808    0.1139627100E+002
 0.8181818    0.1100118061E+002
 0.8282828    0.1142650490E+002
 0.8383838    0.1107760841E+002
 0.8484848    0.1060976001E+002
 0.8585859    0.1067577972E+002
 0.8686869    0.1023694630E+002
 0.8787879    0.9451956376E+001
 0.8888889    0.8891588568E+001
 0.8989899    0.8906970997E+001
 0.9090909    0.8511978276E+001
 0.9191919    0.7355373556E+001
 0.9292929    0.6749700949E+001
 0.9393939    0.6140740512E+001
 0.9494949    0.4729718672E+001
 0.9595960    0.3617659748E+001
 0.9696970    0.2694956933E+001
 0.9797980    0.1709824429E+001
 0.9898990    0.4355966617E+000
 1.0000000    0.0000000000E+000


# Weightfunction after cycle       3536
 0.0000000    0.7855128560E+001
 0.0101010    0.7848620930E+001
 0.0202020    0.7555521829E+001
 0.0303030    0.7853550741E+001
 0.0404040    0.7950832533E+001
 0.0505051    0.8133800091E+001
 0.0606061    0.7627202796E+001
 0.0707071    0.7647942524E+001
 0.0808081    0.7419321074E+001
 0.0909091    0.7639014366E+001
 0.1010101    0.7850459259E+001
 0.1111111    0.8135139391E+001
 0.1212121    0.7852473037E+001
 0.1313131    0.8002574632E+001
 0.1414141    0.8128791897E+001
 0.1515152    0.8532036612E+001
 0.1616162    0.8404625440E+001
 0.1717172    0.8281688100E+001
 0.1818182    0.8900845464E+001
 0.1919192    0.9094755548E+001
 0.2020202    0.9379904108E+001
 0.2121212    0.9288317200E+001
 0.2222222    0.8967340763E+001
 0.2323232    0.9672158003E+001
 0.2424242    0.9592670981E+001
 0.2525253    0.9724958067E+001
 0.2626263    0.9664561932E+001
 0.2727273    0.1002982908E+002
 0.2828283    0.1051567548E+002
 0.2929293    0.1065558283E+002
 0.3030303    0.1110389193E+002
 0.3131313    0.1088913505E+002
 0.3232323    0.1066326868E+002
 0.3333333    0.1092405970E+002
 0.3434343    0.1185072481E+002
 0.3535354    0.1182591365E+002
 0.3636364    0.1164553598E+002
 0.3737374    0.1176936189E+002
 0.3838384    0.1246582566E+002
 0.3939394    0.1191611214E+002
 0.4040404    0.1229868251E+002
 0.4141414    0.1213292994E+002
 0.4242424    0.1260528144E+002
 0.4343434    0.1310025759E+002
 0.4444444    0.1252654403E+002
 0.4545455    0.1303170242E+002
 0.4646465    0.1325222066E+002
 0.4747475    0.1357342070E+002
 0.4848485    0.1360494663E+002
 0.4949495    0.1337821916E+002
 0.5050505    0.1377920538E+002
 0.5151515    0.1323621949E+002
 0.5252525    0.1335244923E+002
 0.5353535    0.1331952573E+002
 0.5454545    0.1351174605E+002
 0.5555556    0.1368180760E+002
 0.5656566    0.1383692205E+002
 0.5757576    0.1365213841E+002
 0.5858586    0.1352350210E+002
 0.5959596    0.1374850099E+002
 0.6060606    0.1416238255E+002
 0.6161616    0.1390170777E+002
 0.6262626    0.1351836374E+002
 0.6363636    0.1357151114E+002
 0.6464646    0.1350357482E+002
 0.6565657    0.1344358683E+002
 0.6666667    0.1365517048E+002
 0.6767677    0.1337874327E+002
 0.6868687    0.1320810103E+002
 0.6969697    0.1328169354E+002
 0.7070707    0.1373980252E+002
 0.7171717    0.1350219216E+002
 0.7272727    0.1385701912E+002
 0.7373737    0.1300504751E+002
 0.7474747    0.1270246906E+002
 0.7575758    0.1323223808E+002
 0.7676768    0.1275073907E+002
 0.7777778    0.1240705064E+002
 0.7878788    0.1243972020E+002
 0.7979798    0.1218638062E+002
 0.8080808    0.1231478952E+002
 0.8181818    0.1147525468E+002
 0.8282828    0.1136724564E+002
 0.8383838    0.1131464545E+002
 0.8484848    0.1078753778E+002
 0.8585859    0.1097207602E+002
 0.8686869    0.9822131483E+001
 0.8787879    0.9807511931E+001
 0.8888889    0.1004714412E+002
 0.8989899    0.8966230256E+001
 0.9090909    0.9193459757E+001
 0.9191919    0.8747966148E+001
 0.9292929    0.7608960208E+001
 0.9393939    0.7414814586E+001
 0.9494949    0.6863052006E+001
 0.9595960    0.5069511600E+001
 0.9696970    0.3880142118E+001
 0.9797980    0.3161676281E+001
 0.9898990    0.9689299951E+000
 1.0000000    0.0000000000E+000


# Weightfunction after cycle       4691
 0.0000000    0.7657597695E+001
 0.0101010    0.8026398707E+001
 0.0202020    0.7259225532E+001
 0.0303030    0.7735032223E+001
 0.0404040    0.7081696730E+001
 0.0505051    0.7462195152E+001
 0.0606061    0.7627202796E+001
 0.0707071    0.7865226475E+001
 0.0808081    0.7597098851E+001
 0.0909091    0.7915557575E+001
 0.1010101    0.7771446913E+001
 0.1111111    0.8016620873E+001
 0.1212121    0.8306794025E+001
 0.1313131    0.7745784508E+001
 0.1414141    0.8365828934E+001
 0.1515152    0.8176481056E+001
 0.1616162    0.8266353835E+001
 0.1717172    0.8301441186E+001
 0.1818182    0.8703314600E+001
 0.1919192    0.8699693819E+001
 0.2020202    0.8313237441E+001
 0.2121212    0.8656218435E+001
 0.2222222    0.9322896319E+001
 0.2323232    0.9138824669E+001
 0.2424242    0.9651930240E+001
 0.2525253    0.9527427203E+001
 0.2626263    0.9941105142E+001
 0.2727273    0.9812545133E+001
 0.2828283    0.1043666313E+002
 0.2929293    0.1049755814E+002
 0.3030303    0.1076808946E+002
 0.3131313    0.1110641900E+002
 0.3232323    0.1086079955E+002
 0.3333333    0.1143763994E+002
 0.3434343    0.1084331740E+002
 0.3535354    0.1172714822E+002
 0.3636364    0.1132948659E+002
 0.3737374    0.1167059645E+002
 0.3838384    0.1193249233E+002
 0.3939394    0.1221240843E+002
 0.4040404    0.1200238622E+002
 0.4141414    0.1205391760E+002
 0.4242424    0.1230898514E+002
 0.4343434    0.1244840574E+002
 0.4444444    0.1258580329E+002
 0.4545455    0.1255762835E+002
 0.4646465    0.1244234412E+002
 0.4747475    0.1260551947E+002
 0.4848485    0.1269630465E+002
 0.4949495    0.1276587348E+002
 0.5050505    0.1283105723E+002
 0.5151515    0.1256461455E+002
 0.5252525    0.1307590602E+002
 0.5353535    0.1312199486E+002
 0.5454545    0.1315619049E+002
 0.5555556    0.1302995575E+002
 0.5656566    0.1338260107E+002
 0.5757576    0.1351386680E+002
 0.5858586    0.1352350210E+002
 0.5959596    0.1345220469E+002
 0.6060606    0.1331299984E+002
 0.6161616    0.1332886826E+002
 0.6262626    0.1355786992E+002
 0.6363636    0.1392706669E+002
 0.6464646    0.1383937729E+002
 0.6565657    0.1348309301E+002
 0.6666667    0.1377368900E+002
 0.6767677    0.1381331118E+002
 0.6868687    0.1431427387E+002
 0.6969697    0.1395329848E+002
 0.7070707    0.1389782721E+002
 0.7171717    0.1364046376E+002
 0.7272727    0.1387677220E+002
 0.7373737    0.1413097344E+002
 0.7474747    0.1343333325E+002
 0.7575758    0.1344952203E+002
 0.7676768    0.1371864031E+002
 0.7777778    0.1359223583E+002
 0.7878788    0.1354589303E+002
 0.7979798    0.1279872630E+002
 0.8080808    0.1233454261E+002
 0.8181818    0.1254192135E+002
 0.8282828    0.1215736909E+002
 0.8383838    0.1149242322E+002
 0.8484848    0.1136037729E+002
 0.8585859    0.1120911305E+002
 0.8686869    0.1088879815E+002
 0.8787879    0.9847018104E+001
 0.8888889    0.9928625605E+001
 0.8989899    0.9242773466E+001
 0.9090909    0.8561360992E+001
 0.9191919    0.7957842692E+001
 0.9292929    0.7154639220E+001
 0.9393939    0.6249382487E+001
 0.9494949    0.5440829783E+001
 0.9595960    0.4378153576E+001
 0.9696970    0.3050512488E+001
 0.9797980    0.1778960232E+001
 0.9898990    0.1788065383E+000
 1.0000000    0.0000000000E+000


# Weightfunction after cycle       6913
 0.0000000    0.8013153251E+001
 0.0101010    0.8355616814E+001
 0.0202020    0.8325892199E+001
 0.0303030    0.8182768848E+001
 0.0404040    0.8464412780E+001
 0.0505051    0.8041619021E+001
 0.0606061    0.8549013496E+001
 0.0707071    0.8352469273E+001
 0.0808081    0.8176522720E+001
 0.0909091    0.8521318892E+001
 0.1010101    0.8759101234E+001
 0.1111111    0.8833081778E+001
 0.1212121    0.8517493614E+001
 0.1313131    0.8733438829E+001
 0.1414141    0.8774059386E+001
 0.1515152    0.8848085995E+001
 0.1616162    0.9030139844E+001
 0.1717172    0.9170576989E+001
 0.1818182    0.9335413366E+001
 0.1919192    0.9555660898E+001
 0.2020202    0.9551097523E+001
 0.2121212    0.9959922138E+001
 0.2222222    0.1027104447E+002
 0.2323232    0.1017915389E+002
 0.2424242    0.1060007839E+002
 0.2525253    0.1062043132E+002
 0.2626263    0.1071805987E+002
 0.2727273    0.1081336818E+002
 0.2828283    0.1120044914E+002
 0.2929293    0.1149838119E+002
 0.3030303    0.1157138164E+002
 0.3131313    0.1154098690E+002
 0.3232323    0.1155874193E+002
 0.3333333    0.1168784570E+002
 0.3434343    0.1168611575E+002
 0.3535354    0.1209587250E+002
 0.3636364    0.1190891046E+002
 0.3737374    0.1180228370E+002
 0.3838384    0.1184031126E+002
 0.3939394    0.1181734671E+002
 0.4040404    0.1187069897E+002
 0.4141414    0.1202758015E+002
 0.4242424    0.1217729790E+002
 0.4343434    0.1194799421E+002
 0.4444444    0.1211172921E+002
 0.4545455    0.1184651724E+002
 0.4646465    0.1191559515E+002
 0.4747475    0.1193391453E+002
 0.4848485    0.1211688078E+002
 0.4949495    0.1177821916E+002
 0.5050505    0.1210677740E+002
 0.5151515    0.1186667216E+002
 0.5252525    0.1224627639E+002
 0.5353535    0.1217384672E+002
 0.5454545    0.1243191066E+002
 0.5555556    0.1212131377E+002
 0.5656566    0.1227642823E+002
 0.5757576    0.1249987503E+002
 0.5858586    0.1231197946E+002
 0.5959596    0.1210899481E+002
 0.6060606    0.1218048955E+002
 0.6161616    0.1230170777E+002
 0.6262626    0.1242535963E+002
 0.6363636    0.1238632595E+002
 0.6464646    0.1231180528E+002
 0.6565657    0.1240325762E+002
 0.6666667    0.1250949146E+002
 0.6767677    0.1233841406E+002
 0.6868687    0.1229945906E+002
 0.6969697    0.1246523264E+002
 0.7070707    0.1235708647E+002
 0.7171717    0.1245527858E+002
 0.7272727    0.1263891212E+002
 0.7373737    0.1255072653E+002
 0.7474747    0.1268271597E+002
 0.7575758    0.1277791709E+002
 0.7676768    0.1248078023E+002
 0.7777778    0.1230170085E+002
 0.7878788    0.1261091361E+002
 0.7979798    0.1232465222E+002
 0.8080808    0.1242672368E+002
 0.8181818    0.1234439048E+002
 0.8282828    0.1178864481E+002
 0.8383838    0.1221670306E+002
 0.8484848    0.1128136494E+002
 0.8585859    0.1167001840E+002
 0.8686869    0.1054641132E+002
 0.8787879    0.1042644197E+002
 0.8888889    0.9902288156E+001
 0.8989899    0.9624666470E+001
 0.9090909    0.9298809552E+001
 0.9191919    0.8247554626E+001
 0.9292929    0.8076449920E+001
 0.9393939    0.6881481253E+001
 0.9494949    0.5875397685E+001
 0.9595960    0.4483503370E+001
 0.9696970    0.3735286151E+001
 0.9797980    0.2266203030E+001
 0.9898990    0.9162550979E+000
 1.0000000    0.0000000000E+000


# Weightfunction after cycle      10899
 0.0000000    0.1168283775E+002
 0.0101010    0.1134930680E+002
 0.0202020    0.1151272347E+002
 0.0303030    0.1126425033E+002
 0.0404040    0.1144932362E+002
 0.0505051    0.1134257924E+002
 0.0606061    0.1123543325E+002
 0.0707071    0.1139005501E+002
 0.0808081    0.1144236634E+002
 0.0909091    0.1155890463E+002
 0.1010101    0.1179668697E+002
 0.1111111    0.1179165517E+002
 0.1212121    0.1201159512E+002
 0.1313131    0.1165689562E+002
 0.1414141    0.1202234471E+002
 0.1515152    0.1192956748E+002
 0.1616162    0.1191848004E+002
 0.1717172    0.1238374571E+002
 0.1818182    0.1217985781E+002
 0.1919192    0.1252301344E+002
 0.2020202    0.1241310027E+002
 0.2121212    0.1280436658E+002
 0.2222222    0.1306281401E+002
 0.2323232    0.1297970258E+002
 0.2424242    0.1326893984E+002
 0.2525253    0.1334196767E+002
 0.2626263    0.1340447963E+002
 0.2727273    0.1378949987E+002
 0.2828283    0.1375518165E+002
 0.2929293    0.1385997241E+002
 0.3030303    0.1381884392E+002
 0.3131313    0.1424496495E+002
 0.3232323    0.1399056635E+002
 0.3333333    0.1421624077E+002
 0.3434343    0.1395991548E+002
 0.3535354    0.1425554328E+002
 0.3636364    0.1430561828E+002
 0.3737374    0.1394439618E+002
 0.3838384    0.1431603142E+002
 0.3939394    0.1426672942E+002
 0.4040404    0.1416205700E+002
 0.4141414    0.1418725093E+002
 0.4242424    0.1427551463E+002
 0.4343434    0.1448516842E+002
 0.4444444    0.1410459615E+002
 0.4545455    0.1427834165E+002
 0.4646465    0.1427718637E+002
 0.4747475    0.1432184320E+002
 0.4848485    0.1413608517E+002
 0.4949495    0.1424516017E+002
 0.5050505    0.1446836862E+002
 0.5151515    0.1428971743E+002
 0.5252525    0.1422158503E+002
 0.5353535    0.1415793451E+002
 0.5454545    0.1453890654E+002
 0.5555556    0.1410540156E+002
 0.5656566    0.1452389050E+002
 0.5757576    0.1427326323E+002
 0.5858586    0.1418193831E+002
 0.5959596    0.1422476985E+002
 0.6060606    0.1435771863E+002
 0.6161616    0.1408387512E+002
 0.6262626    0.1407583974E+002
 0.6363636    0.1420360990E+002
 0.6464646    0.1424321817E+002
 0.6565657    0.1404495858E+002
 0.6666667    0.1410729668E+002
 0.6767677    0.1420837290E+002
 0.6868687    0.1412552216E+002
 0.6969697    0.1394012976E+002
 0.7070707    0.1414803297E+002
 0.7171717    0.1394773399E+002
 0.7272727    0.1397334285E+002
 0.7373737    0.1378858661E+002
 0.7474747    0.1385912200E+002
 0.7575758    0.1369972779E+002
 0.7676768    0.1341137007E+002
 0.7777778    0.1308304515E+002
 0.7878788    0.1316400003E+002
 0.7979798    0.1302698419E+002
 0.8080808    0.1298858925E+002
 0.8181818    0.1302038500E+002
 0.8282828    0.1250853507E+002
 0.8383838    0.1231327370E+002
 0.8484848    0.1182567221E+002
 0.8585859    0.1149443541E+002
 0.8686869    0.1107316029E+002
 0.8787879    0.1090929520E+002
 0.8888889    0.1050804947E+002
 0.8989899    0.1016019459E+002
 0.9090909    0.9606079785E+001
 0.9191919    0.9011340634E+001
 0.9292929    0.7663829892E+001
 0.9393939    0.6978051897E+001
 0.9494949    0.5471556807E+001
 0.9595960    0.4948798294E+001
 0.9696970    0.3524586562E+001
 0.9797980    0.1862362152E+001
 0.9898990    0.9864882941E+000
 1.0000000    0.0000000000E+000


# Weightfunction after cycle      16109
 0.0000000    0.8738896278E+001
 0.0101010    0.9148666654E+001
 0.0202020    0.8984328413E+001
 0.0303030    0.8694885903E+001
 0.0404040    0.8897517489E+001
 0.0505051    0.8773214814E+001
 0.0606061    0.8753860318E+001
 0.0707071    0.8832396113E+001
 0.0808081    0.8972498943E+001
 0.0909091    0.9042215097E+001
 0.1010101    0.9338525103E+001
 0.1111111    0.9222290740E+001
 0.1212121    0.9260794940E+001
 0.1313131    0.9391875043E+001
 0.1414141    0.9558330077E+001
 0.1515152    0.9430436246E+001
 0.1616162    0.9747103721E+001
 0.1717172    0.9790970222E+001
 0.1818182    0.9803634673E+001
 0.1919192    0.9982912841E+001
 0.2020202    0.1001931883E+002
 0.2121212    0.1022914939E+002
 0.2222222    0.1024763340E+002
 0.2323232    0.1059177391E+002
 0.2424242    0.1105074140E+002
 0.2525253    0.1084868921E+002
 0.2626263    0.1089949563E+002
 0.2727273    0.1118501884E+002
 0.2828283    0.1145504448E+002
 0.2929293    0.1146619097E+002
 0.3030303    0.1143091525E+002
 0.3131313    0.1158780903E+002
 0.3232323    0.1173725131E+002
 0.3333333    0.1205656998E+002
 0.3434343    0.1198168045E+002
 0.3535354    0.1220707506E+002
 0.3636364    0.1212253643E+002
 0.3737374    0.1214759691E+002
 0.3838384    0.1215050787E+002
 0.3939394    0.1229434716E+002
 0.4040404    0.1223064410E+002
 0.4141414    0.1212122441E+002
 0.4242424    0.1216851875E+002
 0.4343434    0.1243670020E+002
 0.4444444    0.1227853305E+002
 0.4545455    0.1232937046E+002
 0.4646465    0.1231650964E+002
 0.4747475    0.1209779199E+002
 0.4848485    0.1209346972E+002
 0.4949495    0.1216157535E+002
 0.5050505    0.1222090634E+002
 0.5151515    0.1236415730E+002
 0.5252525    0.1230773044E+002
 0.5353535    0.1237284077E+002
 0.5454545    0.1201051148E+002
 0.5555556    0.1217398867E+002
 0.5656566    0.1200720097E+002
 0.5757576    0.1207847585E+002
 0.5858586    0.1198715093E+002
 0.5959596    0.1219971269E+002
 0.6060606    0.1208684529E+002
 0.6161616    0.1199443754E+002
 0.6262626    0.1212101578E+002
 0.6363636    0.1202052805E+002
 0.6464646    0.1185528950E+002
 0.6565657    0.1180334906E+002
 0.6666667    0.1197688973E+002
 0.6767677    0.1156877528E+002
 0.6868687    0.1198340968E+002
 0.6969697    0.1185654494E+002
 0.7070707    0.1204688986E+002
 0.7171717    0.1219190409E+002
 0.7272727    0.1188975803E+002
 0.7373737    0.1189814308E+002
 0.7474747    0.1177553719E+002
 0.7575758    0.1156932084E+002
 0.7676768    0.1162627634E+002
 0.7777778    0.1152620931E+002
 0.7878788    0.1133208416E+002
 0.7979798    0.1135309301E+002
 0.8080808    0.1111570401E+002
 0.8181818    0.1120017466E+002
 0.8282828    0.1095169923E+002
 0.8383838    0.1059256040E+002
 0.8484848    0.1059659128E+002
 0.8585859    0.1026535448E+002
 0.8686869    0.1030644790E+002
 0.8787879    0.9756300226E+001
 0.8888889    0.9431140466E+001
 0.8989899    0.9311543470E+001
 0.9090909    0.8622815039E+001
 0.9191919    0.8326566972E+001
 0.9292929    0.7663829892E+001
 0.9393939    0.7112665523E+001
 0.9494949    0.6021716843E+001
 0.9595960    0.4954651061E+001
 0.9696970    0.3635789123E+001
 0.9797980    0.2424227721E+001
 0.9898990    0.8694329672E+000
 1.0000000    0.0000000000E+000


# Weightfunction after cycle      21437
 0.0000000    0.9648025984E+001
 0.0101010    0.9640299027E+001
 0.0202020    0.9799813857E+001
 0.0303030    0.9564997167E+001
 0.0404040    0.9763726908E+001
 0.0505051    0.9612111324E+001
 0.0606061    0.9491308878E+001
 0.0707071    0.9682998156E+001
 0.0808081    0.9955763689E+001
 0.0909091    0.9791369190E+001
 0.1010101    0.9939409114E+001
 0.1111111    0.9901211637E+001
 0.1212121    0.1008798592E+002
 0.1313131    0.1013712729E+002
 0.1414141    0.1028797495E+002
 0.1515152    0.1035127148E+002
 0.1616162    0.1042602462E+002
 0.1717172    0.1051281140E+002
 0.1818182    0.1068935331E+002
 0.1919192    0.1081790751E+002
 0.2020202    0.1097527067E+002
 0.2121212    0.1102902746E+002
 0.2222222    0.1125040737E+002
 0.2323232    0.1139945567E+002
 0.2424242    0.1142922029E+002
 0.2525253    0.1162515621E+002
 0.2626263    0.1180862534E+002
 0.2727273    0.1196538769E+002
 0.2828283    0.1218468935E+002
 0.2929293    0.1212170080E+002
 0.3030303    0.1250002057E+002
 0.3131313    0.1254766271E+002
 0.3232323    0.1265808655E+002
 0.3333333    0.1277060748E+002
 0.3434343    0.1300786549E+002
 0.3535354    0.1290550518E+002
 0.3636364    0.1316432884E+002
 0.3737374    0.1309574506E+002
 0.3838384    0.1334447221E+002
 0.3939394    0.1351952625E+002
 0.4040404    0.1330365127E+002
 0.4141414    0.1338152010E+002
 0.4242424    0.1360829927E+002
 0.4343434    0.1353311843E+002
 0.4444444    0.1342567526E+002
 0.4545455    0.1372623069E+002
 0.4646465    0.1377189754E+002
 0.4747475    0.1363121677E+002
 0.4848485    0.1387661253E+002
 0.4949495    0.1388228866E+002
 0.5050505    0.1394942334E+002
 0.5151515    0.1381954520E+002
 0.5252525    0.1390748657E+002
 0.5353535    0.1382822867E+002
 0.5454545    0.1386778933E+002
 0.5555556    0.1395713148E+002
 0.5656566    0.1396592678E+002
 0.5757576    0.1393185186E+002
 0.5858586    0.1391466198E+002
 0.5959596    0.1406479423E+002
 0.6060606    0.1391290839E+002
 0.6161616    0.1405461129E+002
 0.6262626    0.1393147150E+002
 0.6363636    0.1413142578E+002
 0.6464646    0.1412616284E+002
 0.6565657    0.1386742466E+002
 0.6666667    0.1381465836E+002
 0.6767677    0.1396060580E+002
 0.6868687    0.1391092073E+002
 0.6969697    0.1396354082E+002
 0.7070707    0.1375199579E+002
 0.7171717    0.1393602846E+002
 0.7272727    0.1409430002E+002
 0.7373737    0.1401684450E+002
 0.7474747    0.1394886442E+002
 0.7575758    0.1390652553E+002
 0.7676768    0.1378399620E+002
 0.7777778    0.1386731584E+002
 0.7878788    0.1350541140E+002
 0.7979798    0.1344057967E+002
 0.8080808    0.1314076117E+002
 0.8181818    0.1304184514E+002
 0.8282828    0.1253584798E+002
 0.8383838    0.1226254973E+002
 0.8484848    0.1210660500E+002
 0.8585859    0.1183389586E+002
 0.8686869    0.1144968826E+002
 0.8787879    0.1096977378E+002
 0.8888889    0.1066022140E+002
 0.8989899    0.1013093076E+002
 0.9090909    0.9457809704E+001
 0.9191919    0.8658223731E+001
 0.9292929    0.8077425381E+001
 0.9393939    0.7331168800E+001
 0.9494949    0.6341668070E+001
 0.9595960    0.5130234051E+001
 0.9696970    0.3760648138E+001
 0.9797980    0.2393012967E+001
 0.9898990    0.1165973129E+001
 1.0000000    0.0000000000E+000


# Weightfunction after cycle      26104
 0.0000000    0.8797423941E+001
 0.0101010    0.8789696985E+001
 0.0202020    0.8769726980E+001
 0.0303030    0.8870468894E+001
 0.0404040    0.9061394947E+001
 0.0505051    0.9016429771E+001
 0.0606061    0.8981467898E+001
 0.0707071    0.9035292013E+001
 0.0808081    0.9055738287E+001
 0.0909091    0.9109847064E+001
 0.1010101    0.9112218137E+001
 0.1111111    0.9172867380E+001
 0.1212121    0.9193162973E+001
 0.1313131    0.9356758445E+001
 0.1414141    0.9356734792E+001
 0.1515152    0.9472055918E+001
 0.1616162    0.9648257001E+001
 0.1717172    0.9794872066E+001
 0.1818182    0.9862162337E+001
 0.1919192    0.1005054481E+002
 0.2020202    0.1012466863E+002
 0.2121212    0.1040993484E+002
 0.2222222    0.1049605082E+002
 0.2323232    0.1071793354E+002
 0.2424242    0.1091677808E+002
 0.2525253    0.1095403900E+002
 0.2626263    0.1124415854E+002
 0.2727273    0.1143473687E+002
 0.2828283    0.1147455370E+002
 0.2929293    0.1156503769E+002
 0.3030303    0.1182109967E+002
 0.3131313    0.1197279099E+002
 0.3232323    0.1217946032E+002
 0.3333333    0.1220874191E+002
 0.3434343    0.1221709172E+002
 0.3535354    0.1218236338E+002
 0.3636364    0.1235014401E+002
 0.3737374    0.1251827211E+002
 0.3838384    0.1263173533E+002
 0.3939394    0.1265851929E+002
 0.4040404    0.1280161398E+002
 0.4141414    0.1271300412E+002
 0.4242424    0.1278370952E+002
 0.4343434    0.1278656557E+002
 0.4444444    0.1277276666E+002
 0.4545455    0.1279759177E+002
 0.4646465    0.1281724632E+002
 0.4747475    0.1296790325E+002
 0.4848485    0.1285432934E+002
 0.4949495    0.1289902391E+002
 0.5050505    0.1301818318E+002
 0.5151515    0.1289090627E+002
 0.5252525    0.1296063904E+002
 0.5353535    0.1286317253E+002
 0.5454545    0.1293394795E+002
 0.5555556    0.1295825936E+002
 0.5656566    0.1292543498E+002
 0.5757576    0.1294338466E+002
 0.5858586    0.1299382674E+002
 0.5959596    0.1306071965E+002
 0.6060606    0.1302849036E+002
 0.6161616    0.1301672072E+002
 0.6262626    0.1290138462E+002
 0.6363636    0.1296087251E+002
 0.6464646    0.1295040712E+002
 0.6565657    0.1304803737E+002
 0.6666667    0.1300827722E+002
 0.6767677    0.1302156195E+002
 0.6868687    0.1306552114E+002
 0.6969697    0.1304270558E+002
 0.7070707    0.1285977407E+002
 0.7171717    0.1297097232E+002
 0.7272727    0.1294975905E+002
 0.7373737    0.1294773918E+002
 0.7474747    0.1291097386E+002
 0.7575758    0.1295447554E+002
 0.7676768    0.1283194621E+002
 0.7777778    0.1283202651E+002
 0.7878788    0.1252734911E+002
 0.7979798    0.1240268911E+002
 0.8080808    0.1238120216E+002
 0.8181818    0.1231089965E+002
 0.8282828    0.1210664512E+002
 0.8383838    0.1189837760E+002
 0.8484848    0.1163838369E+002
 0.8585859    0.1141509791E+002
 0.8686869    0.1122338129E+002
 0.8787879    0.1086572460E+002
 0.8888889    0.1028044189E+002
 0.8989899    0.1008931109E+002
 0.9090909    0.9358962984E+001
 0.9191919    0.8822101189E+001
 0.9292929    0.8150259807E+001
 0.9393939    0.7565279454E+001
 0.9494949    0.6346870529E+001
 0.9595960    0.5283706591E+001
 0.9696970    0.3994758792E+001
 0.9797980    0.2582902720E+001
 0.9898990    0.8460219018E+000
 1.0000000    0.0000000000E+000


# Weightfunction after cycle      38291
 0.0000000    0.1052117202E+002
 0.0101010    0.1053078659E+002
 0.0202020    0.1054029718E+002
 0.0303030    0.1063063418E+002
 0.0404040    0.1048513455E+002
 0.0505051    0.1046444752E+002
 0.0606061    0.1057168619E+002
 0.0707071    0.1063418107E+002
 0.0808081    0.1068931040E+002
 0.0909091    0.1073128011E+002
 0.1010101    0.1077700501E+002
 0.1111111    0.1077695890E+002
 0.1212121    0.1094985995E+002
 0.1313131    0.1091749614E+002
 0.1414141    0.1117065882E+002
 0.1515152    0.1122181629E+002
 0.1616162    0.1127662666E+002
 0.1717172    0.1144578571E+002
 0.1818182    0.1152001260E+002
 0.1919192    0.1172400244E+002
 0.2020202    0.1188483391E+002
 0.2121212    0.1213194876E+002
 0.2222222    0.1226835517E+002
 0.2323232    0.1235323982E+002
 0.2424242    0.1255208435E+002
 0.2525253    0.1271247013E+002
 0.2626263    0.1303033612E+002
 0.2727273    0.1306657484E+002
 0.2828283    0.1323125068E+002
 0.2929293    0.1335121527E+002
 0.3030303    0.1348241824E+002
 0.3131313    0.1364971694E+002
 0.3232323    0.1376621031E+002
 0.3333333    0.1381283343E+002
 0.3434343    0.1393737149E+002
 0.3535354    0.1401189479E+002
 0.3636364    0.1401666504E+002
 0.3737374    0.1416918576E+002
 0.3838384    0.1418206810E+002
 0.3939394    0.1424700343E+002
 0.4040404    0.1429992216E+002
 0.4141414    0.1433443717E+002
 0.4242424    0.1437739612E+002
 0.4343434    0.1437851802E+002
 0.4444444    0.1439419970E+002
 0.4545455    0.1449879585E+002
 0.4646465    0.1451498210E+002
 0.4747475    0.1448355297E+002
 0.4848485    0.1458327987E+002
 0.4949495    0.1446149576E+002
 0.5050505    0.1466562852E+002
 0.5151515    0.1460771774E+002
 0.5252525    0.1469652618E+002
 0.5353535    0.1463721104E+002
 0.5454545    0.1464729110E+002
 0.5555556    0.1470628557E+002
 0.5656566    0.1479658606E+002
 0.5757576    0.1478158683E+002
 0.5858586    0.1477653602E+002
 0.5959596    0.1476018958E+002
 0.6060606    0.1480426303E+002
 0.6161616    0.1485318874E+002
 0.6262626    0.1489219226E+002
 0.6363636    0.1485630173E+002
 0.6464646    0.1485970956E+002
 0.6565657    0.1493652998E+002
 0.6666667    0.1495226272E+002
 0.6767677    0.1483028352E+002
 0.6868687    0.1490892577E+002
 0.6969697    0.1498495693E+002
 0.7070707    0.1498584564E+002
 0.7171717    0.1497218487E+002
 0.7272727    0.1481050521E+002
 0.7373737    0.1496802741E+002
 0.7474747    0.1475958095E+002
 0.7575758    0.1458457935E+002
 0.7676768    0.1450540384E+002
 0.7777778    0.1445692786E+002
 0.7878788    0.1416092123E+002
 0.7979798    0.1396342680E+002
 0.8080808    0.1377546117E+002
 0.8181818    0.1346237724E+002
 0.8282828    0.1337604511E+002
 0.8383838    0.1303077951E+002
 0.8484848    0.1282627849E+002
 0.8585859    0.1222668151E+002
 0.8686869    0.1202976243E+002
 0.8787879    0.1123856750E+002
 0.8888889    0.1091861019E+002
 0.8989899    0.1018295535E+002
 0.9090909    0.9624288391E+001
 0.9191919    0.8945226051E+001
 0.9292929    0.8153728113E+001
 0.9393939    0.7263536833E+001
 0.9494949    0.6306985010E+001
 0.9595960    0.4942078452E+001
 0.9696970    0.3802267810E+001
 0.9797980    0.2279425946E+001
 0.9898990    0.6795432146E+000
 1.0000000    0.0000000000E+000


# Weightfunction after cycle      43734
 0.0000000    0.1080557311E+002
 0.0101010    0.1094467110E+002
 0.0202020    0.1090793762E+002
 0.0303030    0.1085260576E+002
 0.0404040    0.1077647226E+002
 0.0505051    0.1087023932E+002
 0.0606061    0.1090926797E+002
 0.0707071    0.1102031914E+002
 0.0808081    0.1098180421E+002
 0.0909091    0.1101568120E+002
 0.1010101    0.1106025000E+002
 0.1111111    0.1119084341E+002
 0.1212121    0.1127241241E+002
 0.1313131    0.1139843457E+002
 0.1414141    0.1139725481E+002
 0.1515152    0.1148309534E+002
 0.1616162    0.1163617438E+002
 0.1717172    0.1175099664E+002
 0.1818182    0.1177897944E+002
 0.1919192    0.1201071574E+002
 0.2020202    0.1218888874E+002
 0.2121212    0.1237704238E+002
 0.2222222    0.1249379506E+002
 0.2323232    0.1270585092E+002
 0.2424242    0.1286538799E+002
 0.2525253    0.1308820328E+002
 0.2626263    0.1320837583E+002
 0.2727273    0.1336369305E+002
 0.2828283    0.1355380313E+002
 0.2929293    0.1374891436E+002
 0.3030303    0.1380497069E+002
 0.3131313    0.1396186448E+002
 0.3232323    0.1415119227E+002
 0.3333333    0.1418741047E+002
 0.3434343    0.1429807531E+002
 0.3535354    0.1431941792E+002
 0.3636364    0.1444442278E+002
 0.3737374    0.1449636263E+002
 0.3838384    0.1450924497E+002
 0.3939394    0.1454527775E+002
 0.4040404    0.1461322580E+002
 0.4141414    0.1474369727E+002
 0.4242424    0.1479706114E+002
 0.4343434    0.1466638741E+002
 0.4444444    0.1476184014E+002
 0.4545455    0.1474851388E+002
 0.4646465    0.1476701233E+002
 0.4747475    0.1481419814E+002
 0.4848485    0.1477634891E+002
 0.4949495    0.1479098483E+002
 0.5050505    0.1474771176E+002
 0.5151515    0.1485859187E+002
 0.5252525    0.1476704841E+002
 0.5353535    0.1484877771E+002
 0.5454545    0.1488429201E+002
 0.5555556    0.1483576900E+002
 0.5656566    0.1490641575E+002
 0.5757576    0.1485673346E+002
 0.5858586    0.1490139503E+002
 0.5959596    0.1485498995E+002
 0.6060606    0.1482854117E+002
 0.6161616    0.1490058892E+002
 0.6262626    0.1488756785E+002
 0.6363636    0.1488289208E+002
 0.6464646    0.1483427532E+002
 0.6565657    0.1480820266E+002
 0.6666667    0.1482855981E+002
 0.6767677    0.1491236676E+002
 0.6868687    0.1491701849E+002
 0.6969697    0.1494333726E+002
 0.7070707    0.1489335748E+002
 0.7171717    0.1487622841E+002
 0.7272727    0.1484171996E+002
 0.7373737    0.1471830938E+002
 0.7474747    0.1461159989E+002
 0.7575758    0.1450712052E+002
 0.7676768    0.1439210585E+002
 0.7777778    0.1420374152E+002
 0.7878788    0.1404531103E+002
 0.7979798    0.1388943627E+002
 0.8080808    0.1370725115E+002
 0.8181818    0.1343231859E+002
 0.8282828    0.1323731287E+002
 0.8383838    0.1278915419E+002
 0.8484848    0.1258812148E+002
 0.8585859    0.1226830119E+002
 0.8686869    0.1179622983E+002
 0.8787879    0.1151371977E+002
 0.8888889    0.1092901511E+002
 0.8989899    0.1042804897E+002
 0.9090909    0.9889035748E+001
 0.9191919    0.9131358472E+001
 0.9292929    0.8270494414E+001
 0.9393939    0.7441576541E+001
 0.9494949    0.6319702132E+001
 0.9595960    0.5197576992E+001
 0.9696970    0.3960653783E+001
 0.9797980    0.2481743796E+001
 0.9898990    0.8390852898E+000
 1.0000000    0.0000000000E+000


# Weightfunction after cycle      59474
 0.0000000    0.1162409332E+002
 0.0101010    0.1158746381E+002
 0.0202020    0.1161470130E+002
 0.0303030    0.1169733095E+002
 0.0404040    0.1164663169E+002
 0.0505051    0.1164868133E+002
 0.0606061    0.1172470525E+002
 0.0707071    0.1172785356E+002
 0.0808081    0.1179492928E+002
 0.0909091    0.1186657227E+002
 0.1010101    0.1189803858E+002
 0.1111111    0.1192304134E+002
 0.1212121    0.1201694209E+002
 0.1313131    0.1203429066E+002
 0.1414141    0.1218186270E+002
 0.1515152    0.1233013273E+002
 0.1616162    0.1240228463E+002
 0.1717172    0.1253868747E+002
 0.1818182    0.1262832904E+002
 0.1919192    0.1280303097E+002
 0.2020202    0.1300432601E+002
 0.2121212    0.1316627468E+002
 0.2222222    0.1332002262E+002
 0.2323232    0.1348583440E+002
 0.2424242    0.1363303971E+002
 0.2525253    0.1375334730E+002
 0.2626263    0.1404539367E+002
 0.2727273    0.1414675947E+002
 0.2828283    0.1436153306E+002
 0.2929293    0.1450500506E+002
 0.3030303    0.1469902290E+002
 0.3131313    0.1477653101E+002
 0.3232323    0.1496200514E+002
 0.3333333    0.1507529680E+002
 0.3434343    0.1511120038E+002
 0.3535354    0.1525508980E+002
 0.3636364    0.1523365507E+002
 0.3737374    0.1527634610E+002
 0.3838384    0.1538171660E+002
 0.3939394    0.1546168126E+002
 0.4040404    0.1550959021E+002
 0.4141414    0.1550980753E+002
 0.4242424    0.1556548360E+002
 0.4343434    0.1562749354E+002
 0.4444444    0.1560579459E+002
 0.4545455    0.1557165850E+002
 0.4646465    0.1561096679E+002
 0.4747475    0.1563348908E+002
 0.4848485    0.1569198169E+002
 0.4949495    0.1568734924E+002
 0.5050505    0.1575274976E+002
 0.5151515    0.1569252677E+002
 0.5252525    0.1577902302E+002
 0.5353535    0.1576826416E+002
 0.5454545    0.1574134896E+002
 0.5555556    0.1578068969E+002
 0.5656566    0.1575730682E+002
 0.5757576    0.1576697110E+002
 0.5858586    0.1578465696E+002
 0.5959596    0.1577755934E+002
 0.6060606    0.1578193995E+002
 0.6161616    0.1578153864E+002
 0.6262626    0.1575079067E+002
 0.6363636    0.1582164690E+002
 0.6464646    0.1571830797E+002
 0.6565657    0.1574310381E+002
 0.6666667    0.1578966593E+002
 0.6767677    0.1579871162E+002
 0.6868687    0.1576636808E+002
 0.6969697    0.1570559384E+002
 0.7070707    0.1568567271E+002
 0.7171717    0.1558376283E+002
 0.7272727    0.1552304940E+002
 0.7373737    0.1548287817E+002
 0.7474747    0.1529215860E+002
 0.7575758    0.1511060576E+002
 0.7676768    0.1499404962E+002
 0.7777778    0.1477100224E+002
 0.7878788    0.1454705930E+002
 0.7979798    0.1417383736E+002
 0.8080808    0.1387295910E+002
 0.8181818    0.1364735356E+002
 0.8282828    0.1328741062E+002
 0.8383838    0.1300804283E+002
 0.8484848    0.1262742895E+002
 0.8585859    0.1219199845E+002
 0.8686869    0.1168216110E+002
 0.8787879    0.1120465517E+002
 0.8888889    0.1068931663E+002
 0.8989899    0.1011204776E+002
 0.9090909    0.9501356212E+001
 0.9191919    0.8729034978E+001
 0.9292929    0.7882814879E+001
 0.9393939    0.7044648189E+001
 0.9494949    0.5913524965E+001
 0.9595960    0.4796794968E+001
 0.9696970    0.3620759797E+001
 0.9797980    0.2083273975E+001
 0.9898990    0.7997778220E+000
 1.0000000    0.0000000000E+000


# Weightfunction after cycle      94588
 0.0000000    0.1345433123E+002
 0.0101010    0.1344030994E+002
 0.0202020    0.1348244830E+002
 0.0303030    0.1346282715E+002
 0.0404040    0.1350718517E+002
 0.0505051    0.1350563804E+002
 0.0606061    0.1356470580E+002
 0.0707071    0.1358121351E+002
 0.0808081    0.1356967430E+002
 0.0909091    0.1368653372E+002
 0.1010101    0.1372467973E+002
 0.1111111    0.1381596567E+002
 0.1212121    0.1390883878E+002
 0.1313131    0.1394982321E+002
 0.1414141    0.1411640670E+002
 0.1515152    0.1418965856E+002
 0.1616162    0.1433580099E+002
 0.1717172    0.1439101977E+002
 0.1818182    0.1453461278E+002
 0.1919192    0.1465896004E+002
 0.2020202    0.1487464213E+002
 0.2121212    0.1493588146E+002
 0.2222222    0.1514152554E+002
 0.2323232    0.1533302848E+002
 0.2424242    0.1545454263E+002
 0.2525253    0.1569765394E+002
 0.2626263    0.1578468489E+002
 0.2727273    0.1605663996E+002
 0.2828283    0.1615272042E+002
 0.2929293    0.1628026390E+002
 0.3030303    0.1642649619E+002
 0.3131313    0.1659546482E+002
 0.3232323    0.1666738404E+002
 0.3333333    0.1668048020E+002
 0.3434343    0.1682788339E+002
 0.3535354    0.1689829610E+002
 0.3636364    0.1691385664E+002
 0.3737374    0.1697247619E+002
 0.3838384    0.1709737196E+002
 0.3939394    0.1707971023E+002
 0.4040404    0.1709833127E+002
 0.4141414    0.1716637323E+002
 0.4242424    0.1718505404E+002
 0.4343434    0.1719568166E+002
 0.4444444    0.1718991124E+002
 0.4545455    0.1717016219E+002
 0.4646465    0.1721101195E+002
 0.4747475    0.1721195367E+002
 0.4848485    0.1722728514E+002
 0.4949495    0.1727814558E+002
 0.5050505    0.1721046592E+002
 0.5151515    0.1725146609E+002
 0.5252525    0.1721156185E+002
 0.5353535    0.1719309564E+002
 0.5454545    0.1719135777E+002
 0.5555556    0.1726563848E+002
 0.5656566    0.1717494477E+002
 0.5757576    0.1717124965E+002
 0.5858586    0.1721102991E+002
 0.5959596    0.1719108671E+002
 0.6060606    0.1723092111E+002
 0.6161616    0.1715241870E+002
 0.6262626    0.1715301394E+002
 0.6363636    0.1718430578E+002
 0.6464646    0.1711693448E+002
 0.6565657    0.1717461499E+002
 0.6666667    0.1713588248E+002
 0.6767677    0.1710279467E+002
 0.6868687    0.1712799932E+002
 0.6969697    0.1704050628E+002
 0.7070707    0.1706477394E+002
 0.7171717    0.1705637986E+002
 0.7272727    0.1695918499E+002
 0.7373737    0.1686660380E+002
 0.7474747    0.1667485658E+002
 0.7575758    0.1657962603E+002
 0.7676768    0.1645895930E+002
 0.7777778    0.1618196049E+002
 0.7878788    0.1588043026E+002
 0.7979798    0.1558890620E+002
 0.8080808    0.1536304612E+002
 0.8181818    0.1494732602E+002
 0.8282828    0.1459046603E+002
 0.8383838    0.1407782254E+002
 0.8484848    0.1371262335E+002
 0.8585859    0.1325663994E+002
 0.8686869    0.1272059760E+002
 0.8787879    0.1207866828E+002
 0.8888889    0.1144463660E+002
 0.8989899    0.1076357546E+002
 0.9090909    0.9903679707E+001
 0.9191919    0.9018831212E+001
 0.9292929    0.8161307003E+001
 0.9393939    0.7136622526E+001
 0.9494949    0.6064588959E+001
 0.9595960    0.4858967564E+001
 0.9696970    0.3551393677E+001
 0.9797980    0.2155209210E+001
 0.9898990    0.6374097197E+000
 1.0000000    0.0000000000E+000


# Weightfunction after cycle     135781
 0.0000000    0.1209715313E+002
 0.0101010    0.1206223636E+002
 0.0202020    0.1201839499E+002
 0.0303030    0.1210530650E+002
 0.0404040    0.1208629300E+002
 0.0505051    0.1211180722E+002
 0.0606061    0.1212257561E+002
 0.0707071    0.1216819996E+002
 0.0808081    0.1218063916E+002
 0.0909091    0.1227934350E+002
 0.1010101    0.1235962300E+002
 0.1111111    0.1238753743E+002
 0.1212121    0.1240367962E+002
 0.1313131    0.1255530730E+002
 0.1414141    0.1261809852E+002
 0.1515152    0.1273005838E+002
 0.1616162    0.1287757101E+002
 0.1717172    0.1297321054E+002
 0.1818182    0.1310241650E+002
 0.1919192    0.1324868688E+002
 0.2020202    0.1337290845E+002
 0.2121212    0.1350813832E+002
 0.2222222    0.1367987007E+002
 0.2323232    0.1385219028E+002
 0.2424242    0.1409119865E+002
 0.2525253    0.1417022911E+002
 0.2626263    0.1439736250E+002
 0.2727273    0.1449975594E+002
 0.2828283    0.1467496516E+002
 0.2929293    0.1482340412E+002
 0.3030303    0.1493914957E+002
 0.3131313    0.1504337648E+002
 0.3232323    0.1513105294E+002
 0.3333333    0.1522362041E+002
 0.3434343    0.1529840327E+002
 0.3535354    0.1539998791E+002
 0.3636364    0.1543096314E+002
 0.3737374    0.1549883151E+002
 0.3838384    0.1555350480E+002
 0.3939394    0.1557729146E+002
 0.4040404    0.1570415790E+002
 0.4141414    0.1570060717E+002
 0.4242424    0.1569188409E+002
 0.4343434    0.1577136401E+002
 0.4444444    0.1580669943E+002
 0.4545455    0.1583524976E+002
 0.4646465    0.1585246365E+002
 0.4747475    0.1584278636E+002
 0.4848485    0.1591566601E+002
 0.4949495    0.1590212730E+002
 0.5050505    0.1591186365E+002
 0.5151515    0.1597615713E+002
 0.5252525    0.1588795352E+002
 0.5353535    0.1594656078E+002
 0.5454545    0.1590508725E+002
 0.5555556    0.1595127897E+002
 0.5656566    0.1593491834E+002
 0.5757576    0.1597335671E+002
 0.5858586    0.1596655034E+002
 0.5959596    0.1591475011E+002
 0.6060606    0.1594636334E+002
 0.6161616    0.1595521085E+002
 0.6262626    0.1596471236E+002
 0.6363636    0.1594325170E+002
 0.6464646    0.1587896333E+002
 0.6565657    0.1591266543E+002
 0.6666667    0.1590613251E+002
 0.6767677    0.1587852548E+002
 0.6868687    0.1584515429E+002
 0.6969697    0.1586522156E+002
 0.7070707    0.1584804081E+002
 0.7171717    0.1588178023E+002
 0.7272727    0.1588529469E+002
 0.7373737    0.1580847074E+002
 0.7474747    0.1574038362E+002
 0.7575758    0.1566467835E+002
 0.7676768    0.1552791183E+002
 0.7777778    0.1535299254E+002
 0.7878788    0.1519327749E+002
 0.7979798    0.1500040747E+002
 0.8080808    0.1482216166E+002
 0.8181818    0.1459107534E+002
 0.8282828    0.1425100023E+002
 0.8383838    0.1397334518E+002
 0.8484848    0.1354271918E+002
 0.8585859    0.1315113492E+002
 0.8686869    0.1265893883E+002
 0.8787879    0.1212114432E+002
 0.8888889    0.1147546599E+002
 0.8989899    0.1069027003E+002
 0.9090909    0.9969449064E+001
 0.9191919    0.9005814359E+001
 0.9292929    0.8201042657E+001
 0.9393939    0.7132511941E+001
 0.9494949    0.6012179002E+001
 0.9595960    0.4866161087E+001
 0.9696970    0.3501039013E+001
 0.9797980    0.2231255030E+001
 0.9898990    0.7302404280E+000
 1.0000000    0.0000000000E+000


# Weightfunction after cycle     159845
 0.0000000    0.1235223775E+002
 0.0101010    0.1233216477E+002
 0.0202020    0.1236482595E+002
 0.0303030    0.1235765074E+002
 0.0404040    0.1239801235E+002
 0.0505051    0.1244499296E+002
 0.0606061    0.1240415067E+002
 0.0707071    0.1244201059E+002
 0.0808081    0.1249075995E+002
 0.0909091    0.1257302195E+002
 0.1010101    0.1260443117E+002
 0.1111111    0.1269354764E+002
 0.1212121    0.1273275478E+002
 0.1313131    0.1282477897E+002
 0.1414141    0.1294648858E+002
 0.1515152    0.1303698205E+002
 0.1616162    0.1318449468E+002
 0.1717172    0.1325752599E+002
 0.1818182    0.1340911180E+002
 0.1919192    0.1354579082E+002
 0.2020202    0.1368645473E+002
 0.2121212    0.1382739374E+002
 0.2222222    0.1395664945E+002
 0.2323232    0.1414769566E+002
 0.2424242    0.1434422799E+002
 0.2525253    0.1452922019E+002
 0.2626263    0.1463417786E+002
 0.2727273    0.1478407140E+002
 0.2828283    0.1495928061E+002
 0.2929293    0.1508328443E+002
 0.3030303    0.1518190244E+002
 0.3131313    0.1533591310E+002
 0.3232323    0.1539390201E+002
 0.3333333    0.1550314018E+002
 0.3434343    0.1556148070E+002
 0.3535354    0.1565575764E+002
 0.3636364    0.1568490594E+002
 0.3737374    0.1571029826E+002
 0.3838384    0.1582663033E+002
 0.3939394    0.1584333765E+002
 0.4040404    0.1588068468E+002
 0.4141414    0.1590796334E+002
 0.4242424    0.1594833891E+002
 0.4343434    0.1599630435E+002
 0.4444444    0.1599487287E+002
 0.4545455    0.1600903615E+002
 0.4646465    0.1608882228E+002
 0.4747475    0.1610609216E+002
 0.4848485    0.1613649577E+002
 0.4949495    0.1613186332E+002
 0.5050505    0.1616694828E+002
 0.5151515    0.1617689069E+002
 0.5252525    0.1617226897E+002
 0.5353535    0.1620438580E+002
 0.5454545    0.1619945080E+002
 0.5555556    0.1625500551E+002
 0.5656566    0.1623773142E+002
 0.5757576    0.1628393423E+002
 0.5858586    0.1629585386E+002
 0.5959596    0.1628561621E+002
 0.6060606    0.1630855154E+002
 0.6161616    0.1628931006E+002
 0.6262626    0.1630200869E+002
 0.6363636    0.1632074041E+002
 0.6464646    0.1629847135E+002
 0.6565657    0.1630111570E+002
 0.6666667    0.1633637372E+002
 0.6767677    0.1632018499E+002
 0.6868687    0.1631124895E+002
 0.6969697    0.1636146050E+002
 0.7070707    0.1634747688E+002
 0.7171717    0.1631544694E+002
 0.7272727    0.1629749501E+002
 0.7373737    0.1622135616E+002
 0.7474747    0.1618775228E+002
 0.7575758    0.1600197467E+002
 0.7676768    0.1590357361E+002
 0.7777778    0.1570536101E+002
 0.7878788    0.1551618677E+002
 0.7979798    0.1534523987E+002
 0.8080808    0.1507085204E+002
 0.8181818    0.1472992176E+002
 0.8282828    0.1450357283E+002
 0.8383838    0.1407770836E+002
 0.8484848    0.1371399355E+002
 0.8585859    0.1319794992E+002
 0.8686869    0.1269639083E+002
 0.8787879    0.1216544729E+002
 0.8888889    0.1157160800E+002
 0.8989899    0.1082226548E+002
 0.9090909    0.1005462952E+002
 0.9191919    0.9249709062E+001
 0.9292929    0.8296727938E+001
 0.9393939    0.7264507388E+001
 0.9494949    0.6191217809E+001
 0.9595960    0.4927134763E+001
 0.9696970    0.3548767470E+001
 0.9797980    0.2253406515E+001
 0.9898990    0.5877401525E+000
 1.0000000    0.0000000000E+000


# Weightfunction after cycle     185790
 0.0000000    0.1237142048E+002
 0.0101010    0.1242351110E+002
 0.0202020    0.1235949742E+002
 0.0303030    0.1237911713E+002
 0.0404040    0.1236604113E+002
 0.0505051    0.1244118687E+002
 0.0606061    0.1247174696E+002
 0.0707071    0.1251356521E+002
 0.0808081    0.1253064785E+002
 0.0909091    0.1259250917E+002
 0.1010101    0.1265573736E+002
 0.1111111    0.1271775442E+002
 0.1212121    0.1280689755E+002
 0.1313131    0.1287212682E+002
 0.1414141    0.1298683320E+002
 0.1515152    0.1307473854E+002
 0.1616162    0.1321707487E+002
 0.1717172    0.1332222965E+002
 0.1818182    0.1345387150E+002
 0.1919192    0.1360242555E+002
 0.2020202    0.1370381053E+002
 0.2121212    0.1388387623E+002
 0.2222222    0.1403886115E+002
 0.2323232    0.1427390584E+002
 0.2424242    0.1438807423E+002
 0.2525253    0.1458813857E+002
 0.2626263    0.1473450658E+002
 0.2727273    0.1488774948E+002
 0.2828283    0.1505686894E+002
 0.2929293    0.1517706666E+002
 0.3030303    0.1533795242E+002
 0.3131313    0.1547445504E+002
 0.3232323    0.1554888628E+002
 0.3333333    0.1561153782E+002
 0.3434343    0.1569850020E+002
 0.3535354    0.1575471616E+002
 0.3636364    0.1582512256E+002
 0.3737374    0.1582204528E+002
 0.3838384    0.1591234363E+002
 0.3939394    0.1595599812E+002
 0.4040404    0.1598177462E+002
 0.4141414    0.1602092831E+002
 0.4242424    0.1605932470E+002
 0.4343434    0.1605278683E+002
 0.4444444    0.1606201242E+002
 0.4545455    0.1608089527E+002
 0.4646465    0.1612916691E+002
 0.4747475    0.1614126050E+002
 0.4848485    0.1611944445E+002
 0.4949495    0.1614526078E+002
 0.5050505    0.1616481687E+002
 0.5151515    0.1620003176E+002
 0.5252525    0.1617546609E+002
 0.5353535    0.1618489858E+002
 0.5454545    0.1619594920E+002
 0.5555556    0.1619928425E+002
 0.5656566    0.1619982270E+002
 0.5757576    0.1618756386E+002
 0.5858586    0.1617588568E+002
 0.5959596    0.1619396539E+002
 0.6060606    0.1618766990E+002
 0.6161616    0.1619309192E+002
 0.6262626    0.1617351485E+002
 0.6363636    0.1618052380E+002
 0.6464646    0.1616571469E+002
 0.6565657    0.1613577884E+002
 0.6666667    0.1614256726E+002
 0.6767677    0.1613901477E+002
 0.6868687    0.1614043131E+002
 0.6969697    0.1608909619E+002
 0.7070707    0.1609399081E+002
 0.7171717    0.1614127993E+002
 0.7272727    0.1605725416E+002
 0.7373737    0.1600730126E+002
 0.7474747    0.1592574055E+002
 0.7575758    0.1582902562E+002
 0.7676768    0.1569499949E+002
 0.7777778    0.1548978367E+002
 0.7878788    0.1530258860E+002
 0.7979798    0.1508992687E+002
 0.8080808    0.1481584353E+002
 0.8181818    0.1453763773E+002
 0.8282828    0.1419847609E+002
 0.8383838    0.1385238741E+002
 0.8484848    0.1349232645E+002
 0.8585859    0.1302043355E+002
 0.8686869    0.1252785685E+002
 0.8787879    0.1202614414E+002
 0.8888889    0.1142712855E+002
 0.8989899    0.1071310661E+002
 0.9090909    0.9961608504E+001
 0.9191919    0.9146335464E+001
 0.9292929    0.8251511505E+001
 0.9393939    0.7215484858E+001
 0.9494949    0.6162443715E+001
 0.9595960    0.4962150856E+001
 0.9696970    0.3586676197E+001
 0.9797980    0.2186419206E+001
 0.9898990    0.6892868232E+000
 1.0000000    0.0000000000E+000


# Weightfunction after cycle     220372
 0.0000000    0.1213625443E+002
 0.0101010    0.1211993680E+002
 0.0202020    0.1212169247E+002
 0.0303030    0.1212466685E+002
 0.0404040    0.1216304929E+002
 0.0505051    0.1216146410E+002
 0.0606061    0.1218593444E+002
 0.0707071    0.1223739481E+002
 0.0808081    0.1228320079E+002
 0.0909091    0.1232384946E+002
 0.1010101    0.1242503712E+002
 0.1111111    0.1246898791E+002
 0.1212121    0.1252646431E+002
 0.1313131    0.1259869680E+002
 0.1414141    0.1272680065E+002
 0.1515152    0.1284891011E+002
 0.1616162    0.1294415234E+002
 0.1717172    0.1309051445E+002
 0.1818182    0.1322702812E+002
 0.1919192    0.1335558746E+002
 0.2020202    0.1350183365E+002
 0.2121212    0.1365713433E+002
 0.2222222    0.1381425067E+002
 0.2323232    0.1399479205E+002
 0.2424242    0.1418000759E+002
 0.2525253    0.1435855480E+002
 0.2626263    0.1453699552E+002
 0.2727273    0.1468333669E+002
 0.2828283    0.1486747755E+002
 0.2929293    0.1499904281E+002
 0.3030303    0.1516013157E+002
 0.3131313    0.1529115340E+002
 0.3232323    0.1542617771E+002
 0.3333333    0.1546761661E+002
 0.3434343    0.1559507585E+002
 0.3535354    0.1568437949E+002
 0.3636364    0.1575580084E+002
 0.3737374    0.1579129201E+002
 0.3838384    0.1583815011E+002
 0.3939394    0.1587033556E+002
 0.4040404    0.1591854266E+002
 0.4141414    0.1597180428E+002
 0.4242424    0.1602369963E+002
 0.4343434    0.1604690006E+002
 0.4444444    0.1604465662E+002
 0.4545455    0.1605684073E+002
 0.4646465    0.1610653332E+002
 0.4747475    0.1611284164E+002
 0.4848485    0.1610168267E+002
 0.4949495    0.1614038898E+002
 0.5050505    0.1614289375E+002
 0.5151515    0.1619556594E+002
 0.5252525    0.1618155585E+002
 0.5353535    0.1616774577E+002
 0.5454545    0.1619777612E+002
 0.5555556    0.1619613788E+002
 0.5656566    0.1621017528E+002
 0.5757576    0.1620167179E+002
 0.5858586    0.1618461433E+002
 0.5959596    0.1620310002E+002
 0.6060606    0.1619558658E+002
 0.6161616    0.1621268064E+002
 0.6262626    0.1621177881E+002
 0.6363636    0.1617930584E+002
 0.6464646    0.1620377566E+002
 0.6565657    0.1617729068E+002
 0.6666667    0.1620194237E+002
 0.6767677    0.1618448494E+002
 0.6868687    0.1618590148E+002
 0.6969697    0.1619556541E+002
 0.7070707    0.1616077513E+002
 0.7171717    0.1616097014E+002
 0.7272727    0.1609419868E+002
 0.7373737    0.1606769133E+002
 0.7474747    0.1594949060E+002
 0.7575758    0.1581542516E+002
 0.7676768    0.1570575806E+002
 0.7777778    0.1553677629E+002
 0.7878788    0.1533577777E+002
 0.7979798    0.1510139591E+002
 0.8080808    0.1484233397E+002
 0.8181818    0.1457143588E+002
 0.8282828    0.1424617917E+002
 0.8383838    0.1384386176E+002
 0.8484848    0.1348258284E+002
 0.8585859    0.1304875091E+002
 0.8686869    0.1257353001E+002
 0.8787879    0.1205182261E+002
 0.8888889    0.1142824501E+002
 0.8989899    0.1075319750E+002
 0.9090909    0.1003184368E+002
 0.9191919    0.9225806772E+001
 0.9292929    0.8290891923E+001
 0.9393939    0.7283994605E+001
 0.9494949    0.6186904233E+001
 0.9595960    0.5003358201E+001
 0.9696970    0.3674673162E+001
 0.9797980    0.2251782580E+001
 0.9898990    0.6806596697E+000
 1.0000000    0.0000000000E+000


# Weightfunction after cycle     306180
 0.0000000    0.1259542198E+002
 0.0101010    0.1259168984E+002
 0.0202020    0.1258573183E+002
 0.0303030    0.1259601391E+002
 0.0404040    0.1263588496E+002
 0.0505051    0.1263883326E+002
 0.0606061    0.1268563270E+002
 0.0707071    0.1270725327E+002
 0.0808081    0.1273160978E+002
 0.0909091    0.1281745797E+002
 0.1010101    0.1286478513E+002
 0.1111111    0.1292308067E+002
 0.1212121    0.1301378007E+002
 0.1313131    0.1307681026E+002
 0.1414141    0.1318684784E+002
 0.1515152    0.1328155340E+002
 0.1616162    0.1340244026E+002
 0.1717172    0.1351801528E+002
 0.1818182    0.1367915862E+002
 0.1919192    0.1380595870E+002
 0.2020202    0.1391553103E+002
 0.2121212    0.1411657254E+002
 0.2222222    0.1429716827E+002
 0.2323232    0.1444252440E+002
 0.2424242    0.1463254407E+002
 0.2525253    0.1481007632E+002
 0.2626263    0.1499345651E+002
 0.2727273    0.1516841954E+002
 0.2828283    0.1531338297E+002
 0.2929293    0.1547573533E+002
 0.3030303    0.1559230120E+002
 0.3131313    0.1573990071E+002
 0.3232323    0.1585679108E+002
 0.3333333    0.1596122511E+002
 0.3434343    0.1602636586E+002
 0.3535354    0.1611817306E+002
 0.3636364    0.1618120409E+002
 0.3737374    0.1625681998E+002
 0.3838384    0.1630218947E+002
 0.3939394    0.1633092406E+002
 0.4040404    0.1641932354E+002
 0.4141414    0.1644463995E+002
 0.4242424    0.1649064854E+002
 0.4343434    0.1652041238E+002
 0.4444444    0.1654002439E+002
 0.4545455    0.1656919215E+002
 0.4646465    0.1659053354E+002
 0.4747475    0.1660861539E+002
 0.4848485    0.1664779839E+002
 0.4949495    0.1665307871E+002
 0.5050505    0.1667953652E+002
 0.5151515    0.1668470862E+002
 0.5252525    0.1668125411E+002
 0.5353535    0.1669951674E+002
 0.5454545    0.1672142742E+002
 0.5555556    0.1671045155E+002
 0.5656566    0.1673091703E+002
 0.5757576    0.1671084300E+002
 0.5858586    0.1675711900E+002
 0.5959596    0.1671896997E+002
 0.6060606    0.1673425927E+002
 0.6161616    0.1672706197E+002
 0.6262626    0.1671100342E+002
 0.6363636    0.1671960247E+002
 0.6464646    0.1673317839E+002
 0.6565657    0.1669282230E+002
 0.6666667    0.1671226387E+002
 0.6767677    0.1669690402E+002
 0.6868687    0.1670251573E+002
 0.6969697    0.1666149936E+002
 0.7070707    0.1665999974E+002
 0.7171717    0.1662007003E+002
 0.7272727    0.1657210914E+002
 0.7373737    0.1652252839E+002
 0.7474747    0.1638328417E+002
 0.7575758    0.1626363116E+002
 0.7676768    0.1613610077E+002
 0.7777778    0.1597077285E+002
 0.7878788    0.1575035478E+002
 0.7979798    0.1550595866E+002
 0.8080808    0.1525623434E+002
 0.8181818    0.1495089530E+002
 0.8282828    0.1461582732E+002
 0.8383838    0.1424801852E+002
 0.8484848    0.1378456705E+002
 0.8585859    0.1329843088E+002
 0.8686869    0.1281827051E+002
 0.8787879    0.1215974660E+002
 0.8888889    0.1153583069E+002
 0.8989899    0.1079629944E+002
 0.9090909    0.1000944692E+002
 0.9191919    0.9146707616E+001
 0.9292929    0.8231753632E+001
 0.9393939    0.7204286474E+001
 0.9494949    0.6111661922E+001
 0.9595960    0.4897531785E+001
 0.9696970    0.3605046959E+001
 0.9797980    0.2202184906E+001
 0.9898990    0.6702394217E+000
 1.0000000    0.0000000000E+000


# Weightfunction after cycle     361082
 0.0000000    0.1271617958E+002
 0.0101010    0.1268163779E+002
 0.0202020    0.1271866893E+002
 0.0303030    0.1272231995E+002
 0.0404040    0.1272786282E+002
 0.0505051    0.1275864356E+002
 0.0606061    0.1277878340E+002
 0.0707071    0.1280676438E+002
 0.0808081    0.1286887737E+002
 0.0909091    0.1291191684E+002
 0.1010101    0.1296497288E+002
 0.1111111    0.1305295034E+002
 0.1212121    0.1312736528E+002
 0.1313131    0.1319422977E+002
 0.1414141    0.1330977068E+002
 0.1515152    0.1340285230E+002
 0.1616162    0.1352225056E+002
 0.1717172    0.1365289208E+002
 0.1818182    0.1378457905E+002
 0.1919192    0.1392987395E+002
 0.2020202    0.1407589459E+002
 0.2121212    0.1424409653E+002
 0.2222222    0.1442848144E+002
 0.2323232    0.1457280005E+002
 0.2424242    0.1474283631E+002
 0.2525253    0.1494635152E+002
 0.2626263    0.1512287509E+002
 0.2727273    0.1528944779E+002
 0.2828283    0.1545904089E+002
 0.2929293    0.1559468855E+002
 0.3030303    0.1576313012E+002
 0.3131313    0.1585975612E+002
 0.3232323    0.1599649458E+002
 0.3333333    0.1608640341E+002
 0.3434343    0.1618555657E+002
 0.3535354    0.1626992075E+002
 0.3636364    0.1635279986E+002
 0.3737374    0.1641258239E+002
 0.3838384    0.1645461379E+002
 0.3939394    0.1651835320E+002
 0.4040404    0.1656624453E+002
 0.4141414    0.1662358854E+002
 0.4242424    0.1666747699E+002
 0.4343434    0.1669047443E+002
 0.4444444    0.1674612877E+002
 0.4545455    0.1676013981E+002
 0.4646465    0.1679212700E+002
 0.4747475    0.1681751655E+002
 0.4848485    0.1684898587E+002
 0.4949495    0.1688223395E+002
 0.5050505    0.1687359673E+002
 0.5151515    0.1691048067E+002
 0.5252525    0.1691437896E+002
 0.5353535    0.1693291225E+002
 0.5454545    0.1695013156E+002
 0.5555556    0.1696617617E+002
 0.5656566    0.1697031208E+002
 0.5757576    0.1695605715E+002
 0.5858586    0.1697752303E+002
 0.5959596    0.1697970172E+002
 0.6060606    0.1698912681E+002
 0.6161616    0.1698932744E+002
 0.6262626    0.1697913309E+002
 0.6363636    0.1697925160E+002
 0.6464646    0.1700230047E+002
 0.6565657    0.1696613954E+002
 0.6666667    0.1696419931E+002
 0.6767677    0.1695515476E+002
 0.6868687    0.1697303619E+002
 0.6969697    0.1692791488E+002
 0.7070707    0.1693791813E+002
 0.7171717    0.1689654492E+002
 0.7272727    0.1683139739E+002
 0.7373737    0.1678871836E+002
 0.7474747    0.1667270543E+002
 0.7575758    0.1653920387E+002
 0.7676768    0.1637991653E+002
 0.7777778    0.1621030323E+002
 0.7878788    0.1600201956E+002
 0.7979798    0.1574359445E+002
 0.8080808    0.1549364458E+002
 0.8181818    0.1516015734E+002
 0.8282828    0.1482030777E+002
 0.8383838    0.1441537402E+002
 0.8484848    0.1399459594E+002
 0.8585859    0.1349091226E+002
 0.8686869    0.1297236388E+002
 0.8787879    0.1235448345E+002
 0.8888889    0.1171545592E+002
 0.8989899    0.1097827035E+002
 0.9090909    0.1016926916E+002
 0.9191919    0.9338512355E+001
 0.9292929    0.8385080139E+001
 0.9393939    0.7367176153E+001
 0.9494949    0.6260116625E+001
 0.9595960    0.4995554292E+001
 0.9696970    0.3725082804E+001
 0.9797980    0.2246843112E+001
 0.9898990    0.7111986651E+000
 1.0000000    0.0000000000E+000


# Weightfunction after cycle     477902
 0.0000000    0.1230631649E+002
 0.0101010    0.1230948607E+002
 0.0202020    0.1231280553E+002
 0.0303030    0.1232214032E+002
 0.0404040    0.1235114003E+002
 0.0505051    0.1237070359E+002
 0.0606061    0.1239730909E+002
 0.0707071    0.1242258352E+002
 0.0808081    0.1246647235E+002
 0.0909091    0.1252157104E+002
 0.1010101    0.1258166413E+002
 0.1111111    0.1265361275E+002
 0.1212121    0.1274402646E+002
 0.1313131    0.1281813851E+002
 0.1414141    0.1289969708E+002
 0.1515152    0.1301933304E+002
 0.1616162    0.1313340840E+002
 0.1717172    0.1325827594E+002
 0.1818182    0.1339008320E+002
 0.1919192    0.1354199412E+002
 0.2020202    0.1369658553E+002
 0.2121212    0.1386683243E+002
 0.2222222    0.1402938444E+002
 0.2323232    0.1421318872E+002
 0.2424242    0.1440211074E+002
 0.2525253    0.1459137141E+002
 0.2626263    0.1477848063E+002
 0.2727273    0.1494373012E+002
 0.2828283    0.1511452614E+002
 0.2929293    0.1529612514E+002
 0.3030303    0.1545028210E+002
 0.3131313    0.1558627347E+002
 0.3232323    0.1571173461E+002
 0.3333333    0.1582371693E+002
 0.3434343    0.1591835916E+002
 0.3535354    0.1601321876E+002
 0.3636364    0.1609056447E+002
 0.3737374    0.1615025678E+002
 0.3838384    0.1620377602E+002
 0.3939394    0.1626643280E+002
 0.4040404    0.1632854860E+002
 0.4141414    0.1639314017E+002
 0.4242424    0.1642148095E+002
 0.4343434    0.1645214697E+002
 0.4444444    0.1650434293E+002
 0.4545455    0.1654072818E+002
 0.4646465    0.1657794805E+002
 0.4747475    0.1661386310E+002
 0.4848485    0.1663447611E+002
 0.4949495    0.1666161941E+002
 0.5050505    0.1669821177E+002
 0.5151515    0.1671780381E+002
 0.5252525    0.1672305539E+002
 0.5353535    0.1674823478E+002
 0.5454545    0.1676873204E+002
 0.5555556    0.1678775385E+002
 0.5656566    0.1680497146E+002
 0.5757576    0.1681790240E+002
 0.5858586    0.1683145912E+002
 0.5959596    0.1685237320E+002
 0.6060606    0.1685217498E+002
 0.6161616    0.1685153356E+002
 0.6262626    0.1687526142E+002
 0.6363636    0.1685823838E+002
 0.6464646    0.1687731764E+002
 0.6565657    0.1688061231E+002
 0.6666667    0.1688137863E+002
 0.6767677    0.1687483013E+002
 0.6868687    0.1687923892E+002
 0.6969697    0.1688322660E+002
 0.7070707    0.1686634471E+002
 0.7171717    0.1685333022E+002
 0.7272727    0.1679266354E+002
 0.7373737    0.1672977555E+002
 0.7474747    0.1662570154E+002
 0.7575758    0.1649165867E+002
 0.7676768    0.1634256603E+002
 0.7777778    0.1615854783E+002
 0.7878788    0.1592966425E+002
 0.7979798    0.1569460575E+002
 0.8080808    0.1542649187E+002
 0.8181818    0.1510984543E+002
 0.8282828    0.1476202656E+002
 0.8383838    0.1438710553E+002
 0.8484848    0.1393754771E+002
 0.8585859    0.1342781939E+002
 0.8686869    0.1289291137E+002
 0.8787879    0.1229057861E+002
 0.8888889    0.1163898062E+002
 0.8989899    0.1093213857E+002
 0.9090909    0.1013525675E+002
 0.9191919    0.9253496363E+001
 0.9292929    0.8332873644E+001
 0.9393939    0.7286641018E+001
 0.9494949    0.6208421368E+001
 0.9595960    0.4968488713E+001
 0.9696970    0.3643495118E+001
 0.9797980    0.2216379299E+001
 0.9898990    0.6971245639E+000
 1.0000000    0.0000000000E+000


