# Lambda, (Probability, Probability_biased(/observed)) per Fractional
 0.0000000   0.2834364623E-003   0.9291756487E+000
 0.0101010   0.2813899706E-003   0.9253952096E+000
 0.0202020   0.2834167522E-003   0.9351596806E+000
 0.0303030   0.2797592134E-003   0.9317485030E+000
 0.0404040   0.2744693179E-003   0.9410279441E+000
 0.0505051   0.2670824055E-003   0.9337924152E+000
 0.0606061   0.2615806384E-003   0.9392155689E+000
 0.0707071   0.2527620967E-003   0.9307824351E+000
 0.0808081   0.2411506725E-003   0.9278662675E+000
 0.0909091   0.2285956367E-003   0.9293812375E+000
 0.1010101   0.2180144612E-003   0.9412594810E+000
 0.1111111   0.2016603694E-003   0.9356027944E+000
 0.1212121   0.1863297827E-003   0.9462794411E+000
 0.1313131   0.1719548707E-003   0.9404550898E+000
 0.1414141   0.1544930796E-003   0.9167544910E+000
 0.1515152   0.1406124907E-003   0.9404271457E+000
 0.1616162   0.1252433402E-003   0.9388542914E+000
 0.1717172   0.1106108299E-003   0.9394431138E+000
 0.1818182   0.9807022155E-004   0.9502834331E+000
 0.1919192   0.8371532109E-004   0.9442674651E+000
 0.2020202   0.7152469850E-004   0.9416387226E+000
 0.2121212   0.6180036511E-004   0.9646207585E+000
 0.2222222   0.5207423618E-004   0.9562774451E+000
 0.2323232   0.4390195990E-004   0.9688802395E+000
 0.2424242   0.3674126366E-004   0.9794630739E+000
 0.2525253   0.3109948686E-004   0.1001802395E+001
 0.2626263   0.2575016385E-004   0.1000159681E+001
 0.2727273   0.2153082009E-004   0.9865449102E+000
 0.2828283   0.1824247791E-004   0.9915528942E+000
 0.2929293   0.1564439323E-004   0.1019666667E+001
 0.3030303   0.1341283433E-004   0.1019928144E+001
 0.3131313   0.1169976505E-004   0.1019263473E+001
 0.3232323   0.1048857521E-004   0.1035888224E+001
 0.3333333   0.9338098202E-005   0.1031544910E+001
 0.3434343   0.8629145013E-005   0.1047852295E+001
 0.3535354   0.7879382882E-005   0.1052013972E+001
 0.3636364   0.7328217202E-005   0.1057105788E+001
 0.3737374   0.6815187147E-005   0.1043570858E+001
 0.3838384   0.6475452273E-005   0.1046061876E+001
 0.3939394   0.6037013843E-005   0.1038295409E+001
 0.4040404   0.5812694577E-005   0.1063782435E+001
 0.4141414   0.5513228909E-005   0.1076299401E+001
 0.4242424   0.5276751896E-005   0.1059746507E+001
 0.4343434   0.5028996328E-005   0.1041441118E+001
 0.4444444   0.4897414960E-005   0.1068534930E+001
 0.4545455   0.4687641277E-005   0.1060664671E+001
 0.4646465   0.4558921531E-005   0.1070656687E+001
 0.4747475   0.4351742373E-005   0.1059373253E+001
 0.4848485   0.4276620518E-005   0.1062768463E+001
 0.4949495   0.4161185626E-005   0.1062534930E+001
 0.5050505   0.4069419074E-005   0.1077830339E+001
 0.5151515   0.4027534275E-005   0.1087842315E+001
 0.5252525   0.3863032717E-005   0.1048904192E+001
 0.5353535   0.3818411237E-005   0.1063225549E+001
 0.5454545   0.3730252075E-005   0.1060187625E+001
 0.5555556   0.3674174911E-005   0.1064303393E+001
 0.5656566   0.3598925897E-005   0.1060610778E+001
 0.5757576   0.3601294862E-005   0.1075121756E+001
 0.5858586   0.3485444988E-005   0.1054738523E+001
 0.5959596   0.3499604800E-005   0.1081405190E+001
 0.6060606   0.3432047833E-005   0.1060319361E+001
 0.6161616   0.3398059760E-005   0.1049145709E+001
 0.6262626   0.3383987390E-005   0.1069888224E+001
 0.6363636   0.3354206145E-005   0.1042572854E+001
 0.6464646   0.3379644623E-005   0.1070714571E+001
 0.6565657   0.3331623185E-005   0.1058984032E+001
 0.6666667   0.3340942884E-005   0.1062760479E+001
 0.6767677   0.3302783774E-005   0.1043764471E+001
 0.6868687   0.3305043989E-005   0.1049093812E+001
 0.6969697   0.3300765682E-005   0.1051922156E+001
 0.7070707   0.3338610504E-005   0.1046171657E+001
 0.7171717   0.3408183534E-005   0.1054163673E+001
 0.7272727   0.3566924496E-005   0.1038321357E+001
 0.7373737   0.3898794968E-005   0.1065752495E+001
 0.7474747   0.4353318020E-005   0.1072377246E+001
 0.7575758   0.4873719150E-005   0.1049962076E+001
 0.7676768   0.5648413292E-005   0.1048309381E+001
 0.7777778   0.6701194022E-005   0.1034658683E+001
 0.7878788   0.8494922915E-005   0.1043281437E+001
 0.7979798   0.1070220177E-004   0.1039035928E+001
 0.8080808   0.1405165993E-004   0.1043385230E+001
 0.8181818   0.1906592129E-004   0.1031471058E+001
 0.8282828   0.2659169424E-004   0.1015990020E+001
 0.8383838   0.3829863553E-004   0.1005774451E+001
 0.8484848   0.5877827231E-004   0.9846766467E+000
 0.8585859   0.9306155372E-004   0.9364291417E+000
 0.8686869   0.1581022193E-003   0.9318263473E+000
 0.8787879   0.2851107404E-003   0.9200698603E+000
 0.8888889   0.5325025515E-003   0.8956606786E+000
 0.8989899   0.1096665738E-002   0.9097425150E+000
 0.9090909   0.2444569149E-002   0.9140399202E+000
 0.9191919   0.5694927568E-002   0.8816726547E+000
 0.9292929   0.1452757514E-001   0.8957584830E+000
 0.9393939   0.4057555940E-001   0.8787984032E+000
 0.9494949   0.1288743731E+000   0.9495688623E+000
 0.9595960   0.4297884751E+000   0.9164710579E+000
 0.9696970   0.1610890544E+001   0.9130459082E+000
 0.9797980   0.6566115568E+001   0.8931956088E+000
 0.9898990   0.3076021993E+002   0.9158483034E+000
 1.0000000   0.6043376104E+002   0.8960998004E+000


 0.0000000   0.2889871723E-003   0.9293512974E+000
 0.0101010   0.2853104403E-003   0.9204401198E+000
 0.0202020   0.2883303380E-003   0.9332754491E+000
 0.0303030   0.2847181680E-003   0.9302265469E+000
 0.0404040   0.2765651612E-003   0.9301766467E+000
 0.0505051   0.2731212319E-003   0.9367415170E+000
 0.0606061   0.2653934630E-003   0.9347794411E+000
 0.0707071   0.2546835145E-003   0.9200179641E+000
 0.0808081   0.2432868913E-003   0.9182794411E+000
 0.0909091   0.2333005692E-003   0.9304670659E+000
 0.1010101   0.2208250569E-003   0.9352584830E+000
 0.1111111   0.2038583779E-003   0.9278093812E+000
 0.1212121   0.1880612307E-003   0.9369051896E+000
 0.1313131   0.1743526434E-003   0.9354301397E+000
 0.1414141   0.1573657424E-003   0.9160379242E+000
 0.1515152   0.1424267097E-003   0.9344411178E+000
 0.1616162   0.1262633313E-003   0.9284960080E+000
 0.1717172   0.1125983977E-003   0.9381327345E+000
 0.1818182   0.9914665372E-004   0.9424391218E+000
 0.1919192   0.8497028056E-004   0.9401916168E+000
 0.2020202   0.7270352317E-004   0.9389510978E+000
 0.2121212   0.6222094983E-004   0.9527115768E+000
 0.2222222   0.5255288044E-004   0.9467095808E+000
 0.2323232   0.4438405593E-004   0.9608872255E+000
 0.2424242   0.3692817171E-004   0.9657195609E+000
 0.2525253   0.3117368806E-004   0.9850908184E+000
 0.2626263   0.2603032692E-004   0.9918093812E+000
 0.2727273   0.2163772088E-004   0.9725838323E+000
 0.2828283   0.1831667471E-004   0.9766477046E+000
 0.2929293   0.1577380618E-004   0.1008544910E+001
 0.3030303   0.1347352061E-004   0.1005053892E+001
 0.3131313   0.1182068081E-004   0.1010208583E+001
 0.3232323   0.1055279260E-004   0.1022405190E+001
 0.3333333   0.9436202649E-005   0.1022553892E+001
 0.3434343   0.8680796842E-005   0.1034072854E+001
 0.3535354   0.7953054875E-005   0.1041651697E+001
 0.3636364   0.7379522064E-005   0.1044257485E+001
 0.3737374   0.6831707851E-005   0.1026201597E+001
 0.3838384   0.6512829722E-005   0.1032086826E+001
 0.3939394   0.6121643633E-005   0.1032823353E+001
 0.4040404   0.5858705413E-005   0.1051807385E+001
 0.4141414   0.5600858842E-005   0.1072607784E+001
 0.4242424   0.5348364768E-005   0.1053696607E+001
 0.4343434   0.5115248339E-005   0.1039152695E+001
 0.4444444   0.4933661055E-005   0.1055967066E+001
 0.4545455   0.4782144891E-005   0.1061465070E+001
 0.4646465   0.4605961569E-005   0.1061127745E+001
 0.4747475   0.4457899952E-005   0.1064572854E+001
 0.4848485   0.4343950400E-005   0.1058966068E+001
 0.4949495   0.4243054142E-005   0.1062830339E+001
 0.5050505   0.4155868883E-005   0.1079789421E+001
 0.5151515   0.4102554541E-005   0.1087026946E+001
 0.5252525   0.3958682965E-005   0.1054429142E+001
 0.5353535   0.3926611946E-005   0.1072555888E+001
 0.5454545   0.3840714429E-005   0.1070818363E+001
 0.5555556   0.3808048352E-005   0.1082099800E+001
 0.5656566   0.3739067202E-005   0.1080950100E+001
 0.5757576   0.3704431674E-005   0.1084875250E+001
 0.5858586   0.3657270410E-005   0.1085682635E+001
 0.5959596   0.3639126215E-005   0.1103127745E+001
 0.6060606   0.3585826228E-005   0.1086755489E+001
 0.6161616   0.3556289742E-005   0.1077112774E+001
 0.6262626   0.3549889719E-005   0.1100991018E+001
 0.6363636   0.3535035666E-005   0.1077878244E+001
 0.6464646   0.3547006865E-005   0.1102361277E+001
 0.6565657   0.3530954959E-005   0.1100994012E+001
 0.6666667   0.3525307801E-005   0.1100075848E+001
 0.6767677   0.3535060979E-005   0.1095919162E+001
 0.6868687   0.3532317351E-005   0.1099907186E+001
 0.6969697   0.3552414112E-005   0.1110584830E+001
 0.7070707   0.3582915071E-005   0.1101369261E+001
 0.7171717   0.3680512921E-005   0.1116741517E+001
 0.7272727   0.3861990473E-005   0.1102829341E+001
 0.7373737   0.4168142957E-005   0.1117706587E+001
 0.7474747   0.4611979959E-005   0.1114484032E+001
 0.7575758   0.5212055080E-005   0.1101492016E+001
 0.7676768   0.5957220486E-005   0.1084590818E+001
 0.7777778   0.7112867734E-005   0.1077330339E+001
 0.7878788   0.8765125166E-005   0.1055989022E+001
 0.7979798   0.1093140804E-004   0.1041100798E+001
 0.8080808   0.1413403141E-004   0.1029537924E+001
 0.8181818   0.1914384817E-004   0.1015986028E+001
 0.8282828   0.2629689828E-004   0.9856147705E+000
 0.8383838   0.3802339652E-004   0.9795518962E+000
 0.8484848   0.5826280656E-004   0.9574750499E+000
 0.8585859   0.9168658280E-004   0.9050439122E+000
 0.8686869   0.1535646638E-003   0.8878662675E+000
 0.8787879   0.2755841620E-003   0.8724101796E+000
 0.8888889   0.5244195010E-003   0.8652864271E+000
 0.8989899   0.1068079532E-002   0.8691746507E+000
 0.9090909   0.2362857410E-002   0.8666816367E+000
 0.9191919   0.5518617021E-002   0.8381247505E+000
 0.9292929   0.1448733650E-001   0.8762854291E+000
 0.9393939   0.4056437911E-001   0.8618443114E+000
 0.9494949   0.1267369646E+000   0.9160568862E+000
 0.9595960   0.4291916375E+000   0.8977894212E+000
 0.9696970   0.1585734205E+001   0.8816906188E+000
 0.9797980   0.6610901907E+001   0.8821816367E+000
 0.9898990   0.3038699168E+002   0.8875259481E+000
 1.0000000   0.6079038602E+002   0.8842415170E+000


 0.0000000   0.2756655288E-003   0.8790365935E+000
 0.0101010   0.2724189750E-003   0.8714417831E+000
 0.0202020   0.2744318580E-003   0.8807997339E+000
 0.0303030   0.2715028941E-003   0.8795715236E+000
 0.0404040   0.2651224232E-003   0.8841736527E+000
 0.0505051   0.2609697599E-003   0.8875189621E+000
 0.0606061   0.2533052067E-003   0.8846799734E+000
 0.0707071   0.2430424781E-003   0.8705642049E+000
 0.0808081   0.2323167279E-003   0.8694803726E+000
 0.0909091   0.2230087469E-003   0.8819221557E+000
 0.1010101   0.2098534135E-003   0.8812974052E+000
 0.1111111   0.1945442789E-003   0.8779540918E+000
 0.1212121   0.1796959153E-003   0.8876826347E+000
 0.1313131   0.1659892372E-003   0.8830512309E+000
 0.1414141   0.1504650372E-003   0.8684843646E+000
 0.1515152   0.1366218836E-003   0.8887997339E+000
 0.1616162   0.1211314178E-003   0.8832481703E+000
 0.1717172   0.1074323584E-003   0.8875449102E+000
 0.1818182   0.9498324120E-004   0.8952521623E+000
 0.1919192   0.8172786531E-004   0.8966906188E+000
 0.2020202   0.6985174673E-004   0.8945156354E+000
 0.2121212   0.5969738412E-004   0.9063652695E+000
 0.2222222   0.5049131587E-004   0.9019035263E+000
 0.2323232   0.4246372098E-004   0.9115628743E+000
 0.2424242   0.3551172118E-004   0.9208483034E+000
 0.2525253   0.2991935195E-004   0.9374830339E+000
 0.2626263   0.2500958918E-004   0.9448835662E+000
 0.2727273   0.2094542162E-004   0.9335289421E+000
 0.2828283   0.1779300323E-004   0.9407272122E+000
 0.2929293   0.1527042324E-004   0.9681284098E+000
 0.3030303   0.1311591850E-004   0.9701304059E+000
 0.3131313   0.1155729589E-004   0.9793725882E+000
 0.3232323   0.1034734917E-004   0.9940492349E+000
 0.3333333   0.9341907364E-005   0.1003801065E+001
 0.3434343   0.8545289753E-005   0.1009349301E+001
 0.3535354   0.7841573801E-005   0.1018391883E+001
 0.3636364   0.7309978967E-005   0.1025695941E+001
 0.3737374   0.6824596781E-005   0.1016491018E+001
 0.3838384   0.6475433924E-005   0.1017509647E+001
 0.3939394   0.6091432006E-005   0.1019061876E+001
 0.4040404   0.5844936530E-005   0.1040489022E+001
 0.4141414   0.5603478233E-005   0.1064062542E+001
 0.4242424   0.5362800302E-005   0.1047633400E+001
 0.4343434   0.5142361423E-005   0.1035853626E+001
 0.4444444   0.4961809367E-005   0.1053038589E+001
 0.4545455   0.4846954228E-005   0.1066780439E+001
 0.4646465   0.4686864783E-005   0.1070663340E+001
 0.4747475   0.4541331651E-005   0.1075353959E+001
 0.4848485   0.4406993367E-005   0.1065277445E+001
 0.4949495   0.4341249710E-005   0.1078259481E+001
 0.5050505   0.4252337202E-005   0.1095539587E+001
 0.5151515   0.4192073044E-005   0.1101381903E+001
 0.5252525   0.4067322504E-005   0.1074232868E+001
 0.5353535   0.4036758592E-005   0.1093346640E+001
 0.5454545   0.3958716219E-005   0.1094413174E+001
 0.5555556   0.3926362672E-005   0.1106314039E+001
 0.5656566   0.3884424136E-005   0.1113504990E+001
 0.5757576   0.3831757356E-005   0.1112703260E+001
 0.5858586   0.3803714483E-005   0.1119636061E+001
 0.5959596   0.3782858208E-005   0.1137029940E+001
 0.6060606   0.3742647131E-005   0.1124720559E+001
 0.6161616   0.3713390306E-005   0.1115212908E+001
 0.6262626   0.3716747136E-005   0.1143023287E+001
 0.6363636   0.3684344210E-005   0.1113933466E+001
 0.6464646   0.3717316793E-005   0.1145551564E+001
 0.6565657   0.3701119315E-005   0.1144324019E+001
 0.6666667   0.3707644268E-005   0.1147220226E+001
 0.6767677   0.3718121025E-005   0.1142952761E+001
 0.6868687   0.3712931234E-005   0.1146400532E+001
 0.6969697   0.3745032011E-005   0.1160932136E+001
 0.7070707   0.3778869581E-005   0.1151811710E+001
 0.7171717   0.3864379813E-005   0.1162645376E+001
 0.7272727   0.4050852504E-005   0.1147008649E+001
 0.7373737   0.4378894792E-005   0.1164321357E+001
 0.7474747   0.4874949430E-005   0.1168099135E+001
 0.7575758   0.5459717508E-005   0.1144104458E+001
 0.7676768   0.6301828617E-005   0.1137658683E+001
 0.7777778   0.7515636822E-005   0.1128737858E+001
 0.7878788   0.9168663763E-005   0.1095293413E+001
 0.7979798   0.1153262370E-004   0.1089100466E+001
 0.8080808   0.1488130470E-004   0.1074831670E+001
 0.8181818   0.2007603185E-004   0.1056475715E+001
 0.8282828   0.2782120844E-004   0.1033955422E+001
 0.8383838   0.3999321726E-004   0.1021612109E+001
 0.8484848   0.6120275623E-004   0.9973100466E+000
 0.8585859   0.9679583619E-004   0.9474224884E+000
 0.8686869   0.1623977063E-003   0.9310206254E+000
 0.8787879   0.2890331327E-003   0.9072714571E+000
 0.8888889   0.5512128752E-003   0.9018276780E+000
 0.8989899   0.1116362322E-002   0.9008070526E+000
 0.9090909   0.2449698817E-002   0.8909594145E+000
 0.9191919   0.5709575415E-002   0.8598157019E+000
 0.9292929   0.1479958502E-001   0.8876254158E+000
 0.9393939   0.4142448766E-001   0.8726986028E+000
 0.9494949   0.1281880185E+000   0.9187338656E+000
 0.9595960   0.4372370346E+000   0.9069081836E+000
 0.9696970   0.1597403840E+001   0.8806912841E+000
 0.9797980   0.6650138653E+001   0.8799361277E+000
 0.9898990   0.3056559606E+002   0.8852162342E+000
 1.0000000   0.6055001708E+002   0.8733200266E+000


 0.0000000   0.2751855630E-003   0.9048737525E+000
 0.0101010   0.2727670394E-003   0.8997684631E+000
 0.0202020   0.2728995100E-003   0.9031986028E+000
 0.0303030   0.2712144244E-003   0.9060399202E+000
 0.0404040   0.2643238506E-003   0.9090029940E+000
 0.0505051   0.2600133362E-003   0.9118448104E+000
 0.0606061   0.2529466486E-003   0.9109800399E+000
 0.0707071   0.2420551090E-003   0.8940683633E+000
 0.0808081   0.2325615043E-003   0.8975424152E+000
 0.0909091   0.2217228401E-003   0.9041836327E+000
 0.1010101   0.2089824329E-003   0.9050114770E+000
 0.1111111   0.1941233205E-003   0.9033767465E+000
 0.1212121   0.1789489925E-003   0.9115628743E+000
 0.1313131   0.1657905732E-003   0.9095019960E+000
 0.1414141   0.1501095160E-003   0.8934545908E+000
 0.1515152   0.1364505524E-003   0.9153702595E+000
 0.1616162   0.1208540114E-003   0.9087090818E+000
 0.1717172   0.1070152351E-003   0.9116721557E+000
 0.1818182   0.9407500119E-004   0.9143458084E+000
 0.1919192   0.8108666748E-004   0.9174021956E+000
 0.2020202   0.6950136736E-004   0.9177869261E+000
 0.2121212   0.5937265026E-004   0.9295489022E+000
 0.2222222   0.5007733333E-004   0.9224066866E+000
 0.2323232   0.4221040611E-004   0.9343852295E+000
 0.2424242   0.3513326986E-004   0.9394481038E+000
 0.2525253   0.2961650892E-004   0.9569361277E+000
 0.2626263   0.2474334732E-004   0.9639800399E+000
 0.2727273   0.2072287461E-004   0.9524156687E+000
 0.2828283   0.1761053011E-004   0.9601182635E+000
 0.2929293   0.1507655762E-004   0.9856482036E+000
 0.3030303   0.1292630044E-004   0.9859241517E+000
 0.3131313   0.1139232465E-004   0.9955014970E+000
 0.3232323   0.1016585781E-004   0.1007072355E+001
 0.3333333   0.9162448008E-005   0.1015223054E+001
 0.3434343   0.8354155047E-005   0.1017548403E+001
 0.3535354   0.7659459164E-005   0.1025764471E+001
 0.3636364   0.7159491157E-005   0.1035911178E+001
 0.3737374   0.6670489658E-005   0.1024523952E+001
 0.3838384   0.6315721199E-005   0.1023364770E+001
 0.3939394   0.5938183444E-005   0.1024407186E+001
 0.4040404   0.5666918419E-005   0.1040261477E+001
 0.4141414   0.5420554171E-005   0.1061429142E+001
 0.4242424   0.5177196729E-005   0.1042918164E+001
 0.4343434   0.4976233899E-005   0.1033652196E+001
 0.4444444   0.4792112626E-005   0.1048743014E+001
 0.4545455   0.4673575306E-005   0.1060701597E+001
 0.4646465   0.4521722610E-005   0.1065153693E+001
 0.4747475   0.4368594652E-005   0.1066713573E+001
 0.4848485   0.4230740086E-005   0.1054567864E+001
 0.4949495   0.4153310737E-005   0.1063752994E+001
 0.5050505   0.4061691293E-005   0.1079058882E+001
 0.5151515   0.4000471284E-005   0.1083822355E+001
 0.5252525   0.3892168914E-005   0.1060032934E+001
 0.5353535   0.3844839101E-005   0.1073843812E+001
 0.5454545   0.3774385619E-005   0.1075997006E+001
 0.5555556   0.3720878905E-005   0.1081113772E+001
 0.5656566   0.3672601141E-005   0.1085618263E+001
 0.5757576   0.3634793588E-005   0.1088426148E+001
 0.5858586   0.3600078841E-005   0.1092745010E+001
 0.5959596   0.3567997018E-005   0.1105895709E+001
 0.6060606   0.3533539265E-005   0.1094998503E+001
 0.6161616   0.3495398201E-005   0.1082484531E+001
 0.6262626   0.3498168647E-005   0.1109355289E+001
 0.6363636   0.3458183137E-005   0.1078164172E+001
 0.6464646   0.3477758058E-005   0.1105152695E+001
 0.6565657   0.3469439689E-005   0.1106147705E+001
 0.6666667   0.3466847689E-005   0.1106168663E+001
 0.6767677   0.3475845872E-005   0.1101800898E+001
 0.6868687   0.3459881394E-005   0.1101586327E+001
 0.6969697   0.3482747952E-005   0.1113297405E+001
 0.7070707   0.3517826550E-005   0.1105686128E+001
 0.7171717   0.3599962628E-005   0.1116871756E+001
 0.7272727   0.3780381012E-005   0.1103808383E+001
 0.7373737   0.4090960975E-005   0.1121686627E+001
 0.7474747   0.4553530297E-005   0.1125111776E+001
 0.7575758   0.5120065982E-005   0.1106391717E+001
 0.7676768   0.5928811399E-005   0.1103699601E+001
 0.7777778   0.7081584328E-005   0.1096719561E+001
 0.7878788   0.8676611269E-005   0.1068839321E+001
 0.7979798   0.1094735522E-004   0.1066072854E+001
 0.8080808   0.1422758396E-004   0.1059664671E+001
 0.8181818   0.1918760379E-004   0.1041214571E+001
 0.8282828   0.2675686423E-004   0.1025413174E+001
 0.8383838   0.3881859056E-004   0.1022532934E+001
 0.8484848   0.5952353900E-004   0.1000197605E+001
 0.8585859   0.9404419564E-004   0.9491981038E+000
 0.8686869   0.1591660653E-003   0.9409525948E+000
 0.8787879   0.2846427544E-003   0.9213562874E+000
 0.8888889   0.5408919592E-003   0.9125414172E+000
 0.8989899   0.1105224320E-002   0.9196337325E+000
 0.9090909   0.2424996097E-002   0.9094820359E+000
 0.9191919   0.5670356674E-002   0.8805414172E+000
 0.9292929   0.1467943453E-001   0.9078777445E+000
 0.9393939   0.4103955216E-001   0.8915538922E+000
 0.9494949   0.1273199187E+000   0.9409715569E+000
 0.9595960   0.4321943444E+000   0.9244071856E+000
 0.9696970   0.1580438228E+001   0.8985129741E+000
 0.9797980   0.6655208654E+001   0.9080713573E+000
 0.9898990   0.3082602064E+002   0.9206017964E+000
 1.0000000   0.6030803059E+002   0.8969580838E+000


 0.0000000   0.2805119137E-003   0.9046794411E+000
 0.0101010   0.2782460970E-003   0.9002207585E+000
 0.0202020   0.2776134933E-003   0.9011604790E+000
 0.0303030   0.2758341860E-003   0.9037820359E+000
 0.0404040   0.2693000107E-003   0.9083357285E+000
 0.0505051   0.2649824487E-003   0.9114303393E+000
 0.0606061   0.2579277706E-003   0.9110854291E+000
 0.0707071   0.2475979129E-003   0.8969836327E+000
 0.0808081   0.2372309572E-003   0.8979860279E+000
 0.0909091   0.2257675068E-003   0.9030019960E+000
 0.1010101   0.2124402611E-003   0.9023233533E+000
 0.1111111   0.1978528761E-003   0.9030558882E+000
 0.1212121   0.1825523328E-003   0.9120650699E+000
 0.1313131   0.1686451618E-003   0.9074000000E+000
 0.1414141   0.1534084238E-003   0.8955596806E+000
 0.1515152   0.1384037117E-003   0.9106475050E+000
 0.1616162   0.1232768629E-003   0.9091309381E+000
 0.1717172   0.1092359492E-003   0.9127245509E+000
 0.1818182   0.9565711130E-004   0.9118734531E+000
 0.1919192   0.8283284830E-004   0.9191660679E+000
 0.2020202   0.7084889480E-004   0.9176195609E+000
 0.2121212   0.6049880400E-004   0.9289956088E+000
 0.2222222   0.5112390877E-004   0.9236051896E+000
 0.2323232   0.4309706957E-004   0.9356970060E+000
 0.2424242   0.3586371789E-004   0.9405688623E+000
 0.2525253   0.3017654631E-004   0.9563121756E+000
 0.2626263   0.2525032340E-004   0.9648451098E+000
 0.2727273   0.2113402809E-004   0.9526642715E+000
 0.2828283   0.1799781260E-004   0.9623944112E+000
 0.2929293   0.1540369321E-004   0.9877013972E+000
 0.3030303   0.1321053220E-004   0.9882586826E+000
 0.3131313   0.1161753886E-004   0.9956914172E+000
 0.3232323   0.1038532906E-004   0.1009062275E+001
 0.3333333   0.9372272657E-005   0.1018534930E+001
 0.3434343   0.8543638159E-005   0.1020649102E+001
 0.3535354   0.7832125087E-005   0.1028750898E+001
 0.3636364   0.7303171469E-005   0.1036413174E+001
 0.3737374   0.6819985703E-005   0.1027374850E+001
 0.3838384   0.6479031586E-005   0.1029671457E+001
 0.3939394   0.6075925464E-005   0.1028045908E+001
 0.4040404   0.5807529725E-005   0.1045605988E+001
 0.4141414   0.5565631545E-005   0.1068914172E+001
 0.4242424   0.5311014678E-005   0.1049334930E+001
 0.4343434   0.5104283446E-005   0.1039895010E+001
 0.4444444   0.4908894874E-005   0.1053675449E+001
 0.4545455   0.4797706873E-005   0.1067969261E+001
 0.4646465   0.4627208752E-005   0.1069075848E+001
 0.4747475   0.4470965422E-005   0.1070750898E+001
 0.4848485   0.4347216950E-005   0.1062797605E+001
 0.4949495   0.4264472330E-005   0.1071254691E+001
 0.5050505   0.4165996644E-005   0.1085520958E+001
 0.5151515   0.4099010055E-005   0.1089198403E+001
 0.5252525   0.4000314123E-005   0.1068569661E+001
 0.5353535   0.3945958287E-005   0.1080927345E+001
 0.5454545   0.3874232495E-005   0.1083257086E+001
 0.5555556   0.3806372285E-005   0.1084721357E+001
 0.5656566   0.3753704887E-005   0.1088289820E+001
 0.5757576   0.3721248174E-005   0.1092921357E+001
 0.5858586   0.3684288451E-005   0.1096835529E+001
 0.5959596   0.3652324449E-005   0.1110299401E+001
 0.6060606   0.3625746177E-005   0.1102001198E+001
 0.6161616   0.3579830764E-005   0.1087348104E+001
 0.6262626   0.3578033983E-005   0.1112898204E+001
 0.6363636   0.3542608573E-005   0.1083281038E+001
 0.6464646   0.3552135466E-005   0.1107116966E+001
 0.6565657   0.3543092896E-005   0.1107942914E+001
 0.6666667   0.3535789075E-005   0.1106506587E+001
 0.6767677   0.3534578026E-005   0.1098907784E+001
 0.6868687   0.3531049547E-005   0.1102661477E+001
 0.6969697   0.3534685233E-005   0.1108207186E+001
 0.7070707   0.3574257370E-005   0.1101854691E+001
 0.7171717   0.3651676337E-005   0.1111165269E+001
 0.7272727   0.3846379826E-005   0.1101517365E+001
 0.7373737   0.4171653764E-005   0.1121851896E+001
 0.7474747   0.4622848091E-005   0.1120309780E+001
 0.7575758   0.5212597335E-005   0.1104761677E+001
 0.7676768   0.6054345788E-005   0.1105430739E+001
 0.7777778   0.7247804186E-005   0.1100912176E+001
 0.7878788   0.8871993080E-005   0.1071925349E+001
 0.7979798   0.1119934961E-004   0.1069674251E+001
 0.8080808   0.1459886756E-004   0.1066442715E+001
 0.8181818   0.1965577292E-004   0.1046142116E+001
 0.8282828   0.2749246295E-004   0.1033376048E+001
 0.8383838   0.3989824424E-004   0.1030795210E+001
 0.8484848   0.6132310699E-004   0.1010653493E+001
 0.8585859   0.9634375655E-004   0.9537389222E+000
 0.8686869   0.1630138359E-003   0.9451980040E+000
 0.8787879   0.2913247215E-003   0.9248810379E+000
 0.8888889   0.5482067392E-003   0.9071257485E+000
 0.8989899   0.1115415402E-002   0.9102950100E+000
 0.9090909   0.2435072410E-002   0.8957277445E+000
 0.9191919   0.5668976027E-002   0.8634259481E+000
 0.9292929   0.1465889133E-001   0.8892015968E+000
 0.9393939   0.4086358067E-001   0.8706878244E+000
 0.9494949   0.1268383129E+000   0.9194151697E+000
 0.9595960   0.4314590661E+000   0.9051173653E+000
 0.9696970   0.1574556796E+001   0.8779832335E+000
 0.9797980   0.6612744871E+001   0.8849548902E+000
 0.9898990   0.3081858749E+002   0.9027097804E+000
 1.0000000   0.6036508940E+002   0.8805700599E+000


 0.0000000   0.2947566239E-003   0.9207009315E+000
 0.0101010   0.2917861253E-003   0.9143157019E+000
 0.0202020   0.2926363857E-003   0.9200289421E+000
 0.0303030   0.2891111522E-003   0.9174703925E+000
 0.0404040   0.2829133064E-003   0.9242192282E+000
 0.0505051   0.2782278914E-003   0.9268695941E+000
 0.0606061   0.2710119781E-003   0.9271736527E+000
 0.0707071   0.2602831181E-003   0.9132614770E+000
 0.0808081   0.2495412064E-003   0.9148546241E+000
 0.0909091   0.2376085175E-003   0.9204514305E+000
 0.1010101   0.2231333447E-003   0.9179128410E+000
 0.1111111   0.2077027397E-003   0.9181763140E+000
 0.1212121   0.1917474467E-003   0.9278539587E+000
 0.1313131   0.1768722941E-003   0.9217142382E+000
 0.1414141   0.1608978099E-003   0.9097185629E+000
 0.1515152   0.1454744118E-003   0.9270449102E+000
 0.1616162   0.1292931712E-003   0.9234896873E+000
 0.1717172   0.1146119461E-003   0.9275036593E+000
 0.1818182   0.1002691261E-003   0.9257551564E+000
 0.1919192   0.8685712579E-004   0.9334873586E+000
 0.2020202   0.7431238867E-004   0.9321856287E+000
 0.2121212   0.6357460543E-004   0.9455013307E+000
 0.2222222   0.5365586549E-004   0.9388389887E+000
 0.2323232   0.4516353404E-004   0.9497012641E+000
 0.2424242   0.3762174980E-004   0.9556214238E+000
 0.2525253   0.3161647473E-004   0.9704098470E+000
 0.2626263   0.2644183849E-004   0.9785745176E+000
 0.2727273   0.2211202974E-004   0.9653789088E+000
 0.2828283   0.1885516082E-004   0.9765066534E+000
 0.2929293   0.1613129473E-004   0.1001801397E+001
 0.3030303   0.1381667738E-004   0.1001072522E+001
 0.3131313   0.1216757836E-004   0.1010011643E+001
 0.3232323   0.1083101292E-004   0.1019244511E+001
 0.3333333   0.9794402240E-005   0.1030909514E+001
 0.3434343   0.8923407322E-005   0.1032466401E+001
 0.3535354   0.8179095674E-005   0.1040512974E+001
 0.3636364   0.7624295475E-005   0.1047931138E+001
 0.3737374   0.7129591022E-005   0.1040211577E+001
 0.3838384   0.6745630783E-005   0.1038299734E+001
 0.3939394   0.6341135050E-005   0.1039151031E+001
 0.4040404   0.6062188153E-005   0.1057103792E+001
 0.4141414   0.5800941252E-005   0.1079042249E+001
 0.4242424   0.5546906056E-005   0.1061448769E+001
 0.4343434   0.5324107308E-005   0.1050541251E+001
 0.4444444   0.5126487082E-005   0.1065748170E+001
 0.4545455   0.4986418855E-005   0.1075041916E+001
 0.4646465   0.4807956050E-005   0.1075874251E+001
 0.4747475   0.4653665202E-005   0.1079428476E+001
 0.4848485   0.4520852100E-005   0.1070461743E+001
 0.4949495   0.4422892669E-005   0.1076082169E+001
 0.5050505   0.4329323501E-005   0.1092574185E+001
 0.5151515   0.4249677097E-005   0.1093693280E+001
 0.5252525   0.4149779680E-005   0.1073607119E+001
 0.5353535   0.4088262905E-005   0.1084662009E+001
 0.5454545   0.4012752223E-005   0.1086675316E+001
 0.5555556   0.3941646748E-005   0.1087918164E+001
 0.5656566   0.3879061697E-005   0.1089237858E+001
 0.5757576   0.3848985679E-005   0.1094858949E+001
 0.5858586   0.3817386864E-005   0.1100691617E+001
 0.5959596   0.3774027340E-005   0.1111187625E+001
 0.6060606   0.3743086526E-005   0.1101859281E+001
 0.6161616   0.3688185019E-005   0.1085001663E+001
 0.6262626   0.3690943368E-005   0.1111885230E+001
 0.6363636   0.3650438501E-005   0.1081121756E+001
 0.6464646   0.3658727975E-005   0.1104449102E+001
 0.6565657   0.3642679902E-005   0.1103233533E+001
 0.6666667   0.3635735213E-005   0.1101974385E+001
 0.6767677   0.3633812083E-005   0.1094202595E+001
 0.6868687   0.3623800291E-005   0.1096009315E+001
 0.6969697   0.3632289602E-005   0.1102966401E+001
 0.7070707   0.3661781646E-005   0.1093308051E+001
 0.7171717   0.3742407479E-005   0.1102932801E+001
 0.7272727   0.3938498889E-005   0.1092399534E+001
 0.7373737   0.4268376750E-005   0.1111735862E+001
 0.7474747   0.4718081154E-005   0.1107402528E+001
 0.7575758   0.5308638549E-005   0.1089705589E+001
 0.7676768   0.6171318088E-005   0.1091324351E+001
 0.7777778   0.7368058523E-005   0.1083954092E+001
 0.7878788   0.8998250061E-005   0.1052962741E+001
 0.7979798   0.1135245931E-004   0.1050171657E+001
 0.8080808   0.1478067440E-004   0.1045741184E+001
 0.8181818   0.1987181191E-004   0.1024352961E+001
 0.8282828   0.2772223066E-004   0.1009216900E+001
 0.8383838   0.4020862163E-004   0.1006119095E+001
 0.8484848   0.6159044128E-004   0.9831121091E+000
 0.8585859   0.9662649750E-004   0.9264324684E+000
 0.8686869   0.1631378085E-003   0.9161457086E+000
 0.8787879   0.2914670382E-003   0.8962095808E+000
 0.8888889   0.5491846311E-003   0.8801427146E+000
 0.8989899   0.1117243289E-002   0.8830898204E+000
 0.9090909   0.2444495977E-002   0.8708935462E+000
 0.9191919   0.5676450181E-002   0.8373536261E+000
 0.9292929   0.1469849546E-001   0.8635422488E+000
 0.9393939   0.4096515587E-001   0.8453805722E+000
 0.9494949   0.1269407919E+000   0.8911976048E+000
 0.9595960   0.4305823137E+000   0.8748489687E+000
 0.9696970   0.1576886015E+001   0.8516081171E+000
 0.9797980   0.6631088592E+001   0.8594800399E+000
 0.9898990   0.3063968544E+002   0.8692232202E+000
 1.0000000   0.6052369717E+002   0.8550964737E+000


 0.0000000   0.3017700930E-003   0.9127088381E+000
 0.0101010   0.2993465095E-003   0.9082528930E+000
 0.0202020   0.3004092765E-003   0.9145080966E+000
 0.0303030   0.2961011997E-003   0.9098471330E+000
 0.0404040   0.2903746474E-003   0.9185046748E+000
 0.0505051   0.2855400835E-003   0.9210561432E+000
 0.0606061   0.2776693072E-003   0.9198171925E+000
 0.0707071   0.2667678660E-003   0.9063244642E+000
 0.0808081   0.2551767935E-003   0.9058411451E+000
 0.0909091   0.2439111309E-003   0.9148956073E+000
 0.1010101   0.2289447727E-003   0.9119452225E+000
 0.1111111   0.2129360841E-003   0.9114527788E+000
 0.1212121   0.1965299705E-003   0.9208308794E+000
 0.1313131   0.1812382025E-003   0.9145075263E+000
 0.1414141   0.1650907579E-003   0.9038174782E+000
 0.1515152   0.1492044620E-003   0.9206552307E+000
 0.1616162   0.1326984616E-003   0.9177479026E+000
 0.1717172   0.1177300744E-003   0.9225166507E+000
 0.1818182   0.1029008472E-003   0.9199175632E+000
 0.1919192   0.8915661540E-004   0.9278069271E+000
 0.2020202   0.7643062912E-004   0.9283455641E+000
 0.2121212   0.6533548999E-004   0.9408679475E+000
 0.2222222   0.5531425064E-004   0.9371562282E+000
 0.2323232   0.4644054649E-004   0.9455782410E+000
 0.2424242   0.3874869084E-004   0.9530264872E+000
 0.2525253   0.3259086374E-004   0.9685870797E+000
 0.2626263   0.2727396395E-004   0.9773532614E+000
 0.2727273   0.2283851406E-004   0.9654684599E+000
 0.2828283   0.1947571280E-004   0.9766509517E+000
 0.2929293   0.1664655299E-004   0.1001008522E+001
 0.3030303   0.1427944375E-004   0.1001784398E+001
 0.3131313   0.1256409265E-004   0.1009844278E+001
 0.3232323   0.1121387775E-004   0.1021800651E+001
 0.3333333   0.1015677089E-004   0.1035140542E+001
 0.3434343   0.9254792323E-005   0.1036842852E+001
 0.3535354   0.8498538829E-005   0.1046857394E+001
 0.3636364   0.7939231846E-005   0.1056604756E+001
 0.3737374   0.7396084564E-005   0.1044864522E+001
 0.3838384   0.6989991094E-005   0.1041784397E+001
 0.3939394   0.6577391695E-005   0.1043677753E+001
 0.4040404   0.6289195837E-005   0.1061901876E+001
 0.4141414   0.6026725663E-005   0.1085481573E+001
 0.4242424   0.5753219363E-005   0.1066007379E+001
 0.4343434   0.5537001385E-005   0.1057893607E+001
 0.4444444   0.5330918134E-005   0.1073094062E+001
 0.4545455   0.5184666316E-005   0.1082327025E+001
 0.4646465   0.5002411774E-005   0.1083880774E+001
 0.4747475   0.4837724779E-005   0.1086528051E+001
 0.4848485   0.4706442005E-005   0.1079057564E+001
 0.4949495   0.4602371883E-005   0.1084230931E+001
 0.5050505   0.4500651461E-005   0.1099783825E+001
 0.5151515   0.4418676362E-005   0.1101115447E+001
 0.5252525   0.4318189431E-005   0.1081740484E+001
 0.5353535   0.4258918761E-005   0.1094097483E+001
 0.5454545   0.4181062832E-005   0.1096339856E+001
 0.5555556   0.4109355889E-005   0.1098230075E+001
 0.5656566   0.4046903870E-005   0.1100322462E+001
 0.5757576   0.4008026239E-005   0.1103934951E+001
 0.5858586   0.3975785890E-005   0.1110001389E+001
 0.5959596   0.3932428697E-005   0.1121099764E+001
 0.6060606   0.3904077070E-005   0.1112796371E+001
 0.6161616   0.3854347460E-005   0.1097917272E+001
 0.6262626   0.3854384455E-005   0.1124290810E+001
 0.6363636   0.3810544972E-005   0.1092742194E+001
 0.6464646   0.3816616406E-005   0.1115565689E+001
 0.6565657   0.3803698936E-005   0.1115459045E+001
 0.6666667   0.3794462079E-005   0.1113603328E+001
 0.6767677   0.3795479176E-005   0.1106631273E+001
 0.6868687   0.3784469756E-005   0.1108296799E+001
 0.6969697   0.3794917167E-005   0.1115796941E+001
 0.7070707   0.3818975265E-005   0.1104073531E+001
 0.7171717   0.3911447384E-005   0.1116185877E+001
 0.7272727   0.4106189681E-005   0.1102784965E+001
 0.7373737   0.4434616093E-005   0.1118396884E+001
 0.7474747   0.4911099429E-005   0.1116143106E+001
 0.7575758   0.5507162384E-005   0.1094598767E+001
 0.7676768   0.6401884039E-005   0.1096187304E+001
 0.7777778   0.7623876309E-005   0.1086012226E+001
 0.7878788   0.9327830898E-005   0.1056906723E+001
 0.7979798   0.1175737782E-004   0.1053129706E+001
 0.8080808   0.1524941666E-004   0.1044682315E+001
 0.8181818   0.2059109932E-004   0.1027762441E+001
 0.8282828   0.2855166619E-004   0.1006442225E+001
 0.8383838   0.4156225101E-004   0.1007001963E+001
 0.8484848   0.6341074095E-004   0.9800621293E+000
 0.8585859   0.9966831797E-004   0.9252853988E+000
 0.8686869   0.1678749347E-003   0.9128445666E+000
 0.8787879   0.2991266227E-003   0.8905867972E+000
 0.8888889   0.5623594774E-003   0.8726694895E+000
 0.8989899   0.1140330982E-002   0.8727484744E+000
 0.9090909   0.2500135556E-002   0.8624627604E+000
 0.9191919   0.5770201732E-002   0.8241838909E+000
 0.9292929   0.1491117910E-001   0.8482497583E+000
 0.9393939   0.4128672450E-001   0.8249908483E+000
 0.9494949   0.1281235395E+000   0.8709691759E+000
 0.9595960   0.4312361273E+000   0.8483852017E+000
 0.9696970   0.1584350572E+001   0.8284986897E+000
 0.9797980   0.6640438230E+001   0.8333909051E+000
 0.9898990   0.3054077669E+002   0.8389346745E+000
 1.0000000   0.6060308338E+002   0.8290589976E+000


 0.0000000   0.3107260406E-003   0.8991020459E+000
 0.0101010   0.3079719965E-003   0.8939620758E+000
 0.0202020   0.3092392615E-003   0.9006252495E+000
 0.0303030   0.3054581242E-003   0.8979563373E+000
 0.0404040   0.2988147767E-003   0.9042739521E+000
 0.0505051   0.2938132643E-003   0.9067043413E+000
 0.0606061   0.2860079625E-003   0.9064149202E+000
 0.0707071   0.2747530341E-003   0.8930339321E+000
 0.0808081   0.2629034395E-003   0.8928580339E+000
 0.0909091   0.2511774768E-003   0.9013550399E+000
 0.1010101   0.2357268326E-003   0.8983018962E+000
 0.1111111   0.2191594825E-003   0.8974710579E+000
 0.1212121   0.2026464735E-003   0.9083754990E+000
 0.1313131   0.1867431259E-003   0.9014827844E+000
 0.1414141   0.1697676434E-003   0.8891768962E+000
 0.1515152   0.1535944222E-003   0.9067048403E+000
 0.1616162   0.1365899919E-003   0.9037569860E+000
 0.1717172   0.1214069024E-003   0.9101342315E+000
 0.1818182   0.1059712598E-003   0.9063445609E+000
 0.1919192   0.9186398337E-004   0.9145860778E+000
 0.2020202   0.7893203858E-004   0.9172143214E+000
 0.2121212   0.6735688121E-004   0.9279760479E+000
 0.2222222   0.5707326617E-004   0.9250878244E+000
 0.2323232   0.4788675301E-004   0.9328048902E+000
 0.2424242   0.3998676934E-004   0.9408914671E+000
 0.2525253   0.3360763123E-004   0.9555556387E+000
 0.2626263   0.2820141540E-004   0.9668285928E+000
 0.2727273   0.2361379517E-004   0.9550174651E+000
 0.2828283   0.2015445768E-004   0.9669241517E+000
 0.2929293   0.1720387458E-004   0.9897260479E+000
 0.3030303   0.1481688635E-004   0.9944780439E+000
 0.3131313   0.1305672289E-004   0.1003997754E+001
 0.3232323   0.1167290706E-004   0.1017570858E+001
 0.3333333   0.1058251093E-004   0.1031828842E+001
 0.3434343   0.9646634925E-005   0.1033944860E+001
 0.3535354   0.8877653450E-005   0.1046204840E+001
 0.3636364   0.8289880492E-005   0.1055498503E+001
 0.3737374   0.7734945761E-005   0.1045419661E+001
 0.3838384   0.7304331647E-005   0.1041494511E+001
 0.3939394   0.6880604085E-005   0.1044514721E+001
 0.4040404   0.6604577372E-005   0.1066865269E+001
 0.4141414   0.6342072180E-005   0.1092817116E+001
 0.4242424   0.6043616934E-005   0.1071325599E+001
 0.4343434   0.5810404503E-005   0.1062059880E+001
 0.4444444   0.5612361940E-005   0.1080828343E+001
 0.4545455   0.5463972551E-005   0.1091243014E+001
 0.4646465   0.5286255752E-005   0.1095785429E+001
 0.4747475   0.5109141472E-005   0.1097799401E+001
 0.4848485   0.4989330275E-005   0.1094383234E+001
 0.4949495   0.4875336893E-005   0.1098803393E+001
 0.5050505   0.4766334986E-005   0.1114273453E+001
 0.5151515   0.4685458308E-005   0.1117038174E+001
 0.5252525   0.4581754577E-005   0.1098066118E+001
 0.5353535   0.4526053371E-005   0.1112375998E+001
 0.5454545   0.4447774146E-005   0.1115774701E+001
 0.5555556   0.4368149483E-005   0.1116843563E+001
 0.5656566   0.4308774682E-005   0.1120794910E+001
 0.5757576   0.4273746801E-005   0.1126151946E+001
 0.5858586   0.4239021880E-005   0.1132247754E+001
 0.5959596   0.4199440956E-005   0.1145381487E+001
 0.6060606   0.4174141428E-005   0.1138255489E+001
 0.6161616   0.4124208943E-005   0.1123918164E+001
 0.6262626   0.4131106567E-005   0.1152830090E+001
 0.6363636   0.4083821023E-005   0.1120398703E+001
 0.6464646   0.4087993092E-005   0.1143146956E+001
 0.6565657   0.4077507137E-005   0.1143977545E+001
 0.6666667   0.4078609050E-005   0.1145163922E+001
 0.6767677   0.4079156655E-005   0.1137842066E+001
 0.6868687   0.4063624520E-005   0.1138517964E+001
 0.6969697   0.4089188355E-005   0.1150257984E+001
 0.7070707   0.4111625113E-005   0.1137208084E+001
 0.7171717   0.4212096202E-005   0.1149933134E+001
 0.7272727   0.4419115144E-005   0.1135435379E+001
 0.7373737   0.4771297215E-005   0.1151202345E+001
 0.7474747   0.5270174259E-005   0.1145885978E+001
 0.7575758   0.5917466288E-005   0.1125221806E+001
 0.7676768   0.6859485239E-005   0.1123682884E+001
 0.7777778   0.8147991268E-005   0.1110413423E+001
 0.7878788   0.9935139466E-005   0.1076974052E+001
 0.7979798   0.1247592920E-004   0.1069103044E+001
 0.8080808   0.1614130778E-004   0.1057900948E+001
 0.8181818   0.2166293467E-004   0.1034441118E+001
 0.8282828   0.2991752318E-004   0.1008923653E+001
 0.8383838   0.4330527814E-004   0.1003800399E+001
 0.8484848   0.6563505421E-004   0.9705142216E+000
 0.8585859   0.1026760470E-003   0.9119331337E+000
 0.8686869   0.1719983553E-003   0.8947682136E+000
 0.8787879   0.3049232777E-003   0.8685344311E+000
 0.8888889   0.5708708444E-003   0.8475179641E+000
 0.8989899   0.1151642362E-002   0.8432397705E+000
 0.9090909   0.2520731460E-002   0.8319144212E+000
 0.9191919   0.5793562943E-002   0.7916881238E+000
 0.9292929   0.1494745749E-001   0.8134940120E+000
 0.9393939   0.4135730017E-001   0.7906170160E+000
 0.9494949   0.1281398802E+000   0.8333615269E+000
 0.9595960   0.4312167789E+000   0.8116127745E+000
 0.9696970   0.1590868769E+001   0.7958847305E+000
 0.9797980   0.6646406055E+001   0.7980207086E+000
 0.9898990   0.3057151453E+002   0.8034156687E+000
 1.0000000   0.6055951130E+002   0.7925895709E+000


 0.0000000   0.3268544588E-003   0.9255058771E+000
 0.0101010   0.3247030711E-003   0.9223328898E+000
 0.0202020   0.3261956938E-003   0.9296535817E+000
 0.0303030   0.3220316054E-003   0.9263934354E+000
 0.0404040   0.3143355708E-003   0.9308611666E+000
 0.0505051   0.3098085387E-003   0.9355803948E+000
 0.0606061   0.3008238337E-003   0.9329418940E+000
 0.0707071   0.2891098226E-003   0.9195635396E+000
 0.0808081   0.2768547039E-003   0.9200924817E+000
 0.0909091   0.2646432440E-003   0.9293288978E+000
 0.1010101   0.2484006715E-003   0.9263166999E+000
 0.1111111   0.2305047062E-003   0.9237052562E+000
 0.1212121   0.2134461709E-003   0.9362852074E+000
 0.1313131   0.1965153387E-003   0.9283306720E+000
 0.1414141   0.1785203275E-003   0.9149858062E+000
 0.1515152   0.1611630008E-003   0.9309991129E+000
 0.1616162   0.1435538459E-003   0.9294821468E+000
 0.1717172   0.1275667831E-003   0.9358216900E+000
 0.1818182   0.1113602145E-003   0.9320275006E+000
 0.1919192   0.9645135949E-004   0.9396824130E+000
 0.2020202   0.8281425079E-004   0.9417074739E+000
 0.2121212   0.7056898076E-004   0.9513976491E+000
 0.2222222   0.5976527450E-004   0.9479656243E+000
 0.2323232   0.5006402782E-004   0.9543213573E+000
 0.2424242   0.4180778782E-004   0.9626620093E+000
 0.2525253   0.3503494362E-004   0.9747941894E+000
 0.2626263   0.2941277008E-004   0.9867518297E+000
 0.2727273   0.2453331696E-004   0.9709463296E+000
 0.2828283   0.2087414983E-004   0.9799942338E+000
 0.2929293   0.1780036496E-004   0.1002100022E+001
 0.3030303   0.1530638906E-004   0.1005320248E+001
 0.3131313   0.1346681238E-004   0.1013343757E+001
 0.3232323   0.1201908881E-004   0.1025299179E+001
 0.3333333   0.1087681035E-004   0.1037800621E+001
 0.3434343   0.9882667356E-005   0.1036547350E+001
 0.3535354   0.9097377557E-005   0.1049127301E+001
 0.3636364   0.8491842092E-005   0.1058046352E+001
 0.3737374   0.7911133756E-005   0.1046322466E+001
 0.3838384   0.7465888268E-005   0.1041721002E+001
 0.3939394   0.7033314115E-005   0.1044819916E+001
 0.4040404   0.6740724073E-005   0.1065527168E+001
 0.4141414   0.6462174935E-005   0.1089653582E+001
 0.4242424   0.6160407013E-005   0.1068630073E+001
 0.4343434   0.5915341510E-005   0.1058073631E+001
 0.4444444   0.5707503437E-005   0.1075599690E+001
 0.4545455   0.5554138800E-005   0.1085483256E+001
 0.4646465   0.5373467849E-005   0.1089997339E+001
 0.4747475   0.5194256339E-005   0.1092174096E+001
 0.4848485   0.5071158212E-005   0.1088498337E+001
 0.4949495   0.4943827459E-005   0.1090365491E+001
 0.5050505   0.4841149744E-005   0.1107513861E+001
 0.5151515   0.4747693493E-005   0.1107623198E+001
 0.5252525   0.4649434195E-005   0.1090410956E+001
 0.5353535   0.4587461831E-005   0.1103310712E+001
 0.5454545   0.4503091283E-005   0.1105447106E+001
 0.5555556   0.4427147769E-005   0.1107674872E+001
 0.5656566   0.4359307870E-005   0.1109643158E+001
 0.5757576   0.4325636182E-005   0.1115402528E+001
 0.5858586   0.4289754310E-005   0.1121247949E+001
 0.5959596   0.4252057318E-005   0.1134883344E+001
 0.6060606   0.4223109437E-005   0.1126933688E+001
 0.6161616   0.4176345992E-005   0.1113740297E+001
 0.6262626   0.4180289098E-005   0.1141559769E+001
 0.6363636   0.4130845048E-005   0.1109017077E+001
 0.6464646   0.4132331543E-005   0.1130786205E+001
 0.6565657   0.4119452548E-005   0.1130982036E+001
 0.6666667   0.4124166140E-005   0.1133144156E+001
 0.6767677   0.4127673831E-005   0.1126705478E+001
 0.6868687   0.4108723911E-005   0.1126488357E+001
 0.6969697   0.4125703687E-005   0.1135663340E+001
 0.7070707   0.4150984539E-005   0.1123494566E+001
 0.7171717   0.4248858309E-005   0.1135115325E+001
 0.7272727   0.4466125418E-005   0.1122926813E+001
 0.7373737   0.4819143938E-005   0.1137833001E+001
 0.7474747   0.5312636922E-005   0.1130368374E+001
 0.7575758   0.5965584057E-005   0.1110065868E+001
 0.7676768   0.6914022775E-005   0.1108348858E+001
 0.7777778   0.8202920886E-005   0.1093946551E+001
 0.7878788   0.9994850137E-005   0.1060232202E+001
 0.7979798   0.1253126429E-004   0.1050836106E+001
 0.8080808   0.1623061945E-004   0.1040961854E+001
 0.8181818   0.2176643173E-004   0.1017112885E+001
 0.8282828   0.3010100064E-004   0.9933608339E+000
 0.8383838   0.4343368798E-004   0.9852051453E+000
 0.8484848   0.6574666565E-004   0.9513344422E+000
 0.8585859   0.1029609318E-003   0.8948695941E+000
 0.8686869   0.1723261278E-003   0.8772650255E+000
 0.8787879   0.3046069485E-003   0.8490430251E+000
 0.8888889   0.5705267779E-003   0.8288587270E+000
 0.8989899   0.1149970068E-002   0.8239738301E+000
 0.9090909   0.2515505601E-002   0.8124016412E+000
 0.9191919   0.5792161571E-002   0.7745375915E+000
 0.9292929   0.1491328133E-001   0.7942435130E+000
 0.9393939   0.4126958503E-001   0.7720359281E+000
 0.9494949   0.1279498136E+000   0.8142958527E+000
 0.9595960   0.4308732116E+000   0.7935899312E+000
 0.9696970   0.1592660428E+001   0.7797088046E+000
 0.9797980   0.6629403400E+001   0.7789241517E+000
 0.9898990   0.3057468438E+002   0.7862827678E+000
 1.0000000   0.6057195333E+002   0.7757664671E+000


 0.0000000   0.3133161604E-003   0.9072942065E+000
 0.0101010   0.3125278268E-003   0.9078844260E+000
 0.0202020   0.3133745659E-003   0.9133710527E+000
 0.0303030   0.3089153896E-003   0.9088183582E+000
 0.0404040   0.3018107610E-003   0.9140431086E+000
 0.0505051   0.2974336587E-003   0.9185830288E+000
 0.0606061   0.2884423030E-003   0.9148331286E+000
 0.0707071   0.2775022389E-003   0.9026636676E+000
 0.0808081   0.2655452785E-003   0.9025239470E+000
 0.0909091   0.2536667005E-003   0.9109880188E+000
 0.1010101   0.2386392135E-003   0.9100999949E+000
 0.1111111   0.2215774901E-003   0.9080710528E+000
 0.1212121   0.2049211126E-003   0.9192784379E+000
 0.1313131   0.1887834783E-003   0.9120335278E+000
 0.1414141   0.1712377277E-003   0.8975666616E+000
 0.1515152   0.1549822112E-003   0.9156011925E+000
 0.1616162   0.1377875643E-003   0.9123822304E+000
 0.1717172   0.1224952484E-003   0.9189995956E+000
 0.1818182   0.1070160327E-003   0.9159844260E+000
 0.1919192   0.9267435150E-004   0.9233638671E+000
 0.2020202   0.7955361754E-004   0.9251484978E+000
 0.2121212   0.6784696565E-004   0.9354471005E+000
 0.2222222   0.5753322518E-004   0.9332606734E+000
 0.2323232   0.4822860811E-004   0.9401868211E+000
 0.2424242   0.4025859492E-004   0.9480163619E+000
 0.2525253   0.3374377963E-004   0.9601648649E+000
 0.2626263   0.2836445008E-004   0.9731660624E+000
 0.2727273   0.2366662327E-004   0.9578904138E+000
 0.2828283   0.2014702822E-004   0.9673113718E+000
 0.2929293   0.1719213744E-004   0.9898117709E+000
 0.3030303   0.1479847637E-004   0.9940065812E+000
 0.3131313   0.1304776726E-004   0.1004081032E+001
 0.3232323   0.1163304829E-004   0.1014876441E+001
 0.3333333   0.1053844007E-004   0.1028322350E+001
 0.3434343   0.9582569902E-005   0.1027868457E+001
 0.3535354   0.8832191579E-005   0.1041648098E+001
 0.3636364   0.8242101899E-005   0.1050222549E+001
 0.3737374   0.7701271752E-005   0.1041669256E+001
 0.3838384   0.7273997475E-005   0.1037967260E+001
 0.3939394   0.6859038907E-005   0.1042042110E+001
 0.4040404   0.6573248746E-005   0.1062621551E+001
 0.4141414   0.6292530910E-005   0.1085114764E+001
 0.4242424   0.6017092177E-005   0.1067444305E+001
 0.4343434   0.5777265296E-005   0.1056814964E+001
 0.4444444   0.5580288417E-005   0.1075478437E+001
 0.4545455   0.5425192990E-005   0.1084331730E+001
 0.4646465   0.5255031653E-005   0.1090151092E+001
 0.4747475   0.5086860753E-005   0.1093852888E+001
 0.4848485   0.4965551131E-005   0.1090005383E+001
 0.4949495   0.4842749535E-005   0.1092298597E+001
 0.5050505   0.4737953462E-005   0.1108490613E+001
 0.5151515   0.4649051624E-005   0.1109211371E+001
 0.5252525   0.4556555455E-005   0.1092867060E+001
 0.5353535   0.4497843083E-005   0.1106293207E+001
 0.5454545   0.4416396607E-005   0.1108755682E+001
 0.5555556   0.4339586266E-005   0.1110394205E+001
 0.5656566   0.4282925330E-005   0.1114928137E+001
 0.5757576   0.4239577853E-005   0.1118007778E+001
 0.5858586   0.4207819363E-005   0.1124778237E+001
 0.5959596   0.4169428563E-005   0.1138070652E+001
 0.6060606   0.4138358706E-005   0.1129366062E+001
 0.6161616   0.4099717442E-005   0.1118103387E+001
 0.6262626   0.4098091684E-005   0.1144496800E+001
 0.6363636   0.4053585067E-005   0.1112959076E+001
 0.6464646   0.4056019474E-005   0.1135078636E+001
 0.6565657   0.4037077059E-005   0.1133505982E+001
 0.6666667   0.4052186569E-005   0.1138620552E+001
 0.6767677   0.4051611552E-005   0.1131028137E+001
 0.6868687   0.4031518710E-005   0.1130391810E+001
 0.6969697   0.4042769496E-005   0.1138075642E+001
 0.7070707   0.4069200029E-005   0.1126339914E+001
 0.7171717   0.4172292888E-005   0.1139942908E+001
 0.7272727   0.4388200321E-005   0.1128359674E+001
 0.7373737   0.4738268096E-005   0.1144112768E+001
 0.7474747   0.5221509900E-005   0.1136178437E+001
 0.7575758   0.5873052994E-005   0.1117635722E+001
 0.7676768   0.6816300301E-005   0.1117467658E+001
 0.7777778   0.8093545307E-005   0.1103842110E+001
 0.7878788   0.9887996685E-005   0.1072688417E+001
 0.7979798   0.1240124760E-004   0.1063520952E+001
 0.8080808   0.1609633462E-004   0.1055765064E+001
 0.8181818   0.2160937038E-004   0.1032677240E+001
 0.8282828   0.2996439614E-004   0.1011281831E+001
 0.8383838   0.4331431063E-004   0.1004782230E+001
 0.8484848   0.6560512070E-004   0.9708179586E+000
 0.8585859   0.1031214607E-003   0.9165938072E+000
 0.8686869   0.1732096133E-003   0.9017626696E+000
 0.8787879   0.3056605100E-003   0.8713041867E+000
 0.8888889   0.5750963769E-003   0.8544480990E+000
 0.8989899   0.1158160001E-002   0.8486644663E+000
 0.9090909   0.2530616564E-002   0.8358193566E+000
 0.9191919   0.5843797630E-002   0.7991670614E+000
 0.9292929   0.1502879349E-001   0.8185498956E+000
 0.9393939   0.4158373269E-001   0.7955572810E+000
 0.9494949   0.1286858999E+000   0.8375564823E+000
 0.9595960   0.4313375355E+000   0.8124646661E+000
 0.9696970   0.1597093859E+001   0.7996137680E+000
 0.9797980   0.6624891560E+001   0.7960494965E+000
 0.9898990   0.3061601588E+002   0.8052041871E+000
 1.0000000   0.6052920256E+002   0.7928023907E+000


