# Lambda, (Probability, Probability_biased(/observed)) per Fractional
 0.0000000   0.4917631205E+001   0.9889121756E+000
 0.0101010   0.4938003736E+001   0.9928742515E+000
 0.0202020   0.4954671379E+001   0.9944990020E+000
 0.0303030   0.4896942974E+001   0.9946586826E+000
 0.0404040   0.4811885668E+001   0.9756986028E+000
 0.0505051   0.4795524331E+001   0.9899441118E+000
 0.0606061   0.4674292222E+001   0.9890558882E+000
 0.0707071   0.4574485245E+001   0.9859221557E+000
 0.0808081   0.4553509486E+001   0.1005550898E+001
 0.0909091   0.4377262197E+001   0.1007273453E+001
 0.1010101   0.4242690334E+001   0.1003151697E+001
 0.1111111   0.4098050415E+001   0.1002163673E+001
 0.1212121   0.3836726239E+001   0.9957265469E+000
 0.1313131   0.3688264144E+001   0.1003752495E+001
 0.1414141   0.3470210151E+001   0.9960978044E+000
 0.1515152   0.3227397302E+001   0.9979481038E+000
 0.1616162   0.3012094575E+001   0.9945968064E+000
 0.1717172   0.2784265189E+001   0.9964271457E+000
 0.1818182   0.2554897043E+001   0.9990958084E+000
 0.1919192   0.2326419243E+001   0.9892674651E+000
 0.2020202   0.2126158156E+001   0.1000904192E+001
 0.2121212   0.1928250185E+001   0.1013311377E+001
 0.2222222   0.1707052983E+001   0.1008477046E+001
 0.2323232   0.1501560017E+001   0.1013103792E+001
 0.2424242   0.1308402306E+001   0.1011612774E+001
 0.2525253   0.1142981058E+001   0.9943532934E+000
 0.2626263   0.9830252674E+000   0.1003736527E+001
 0.2727273   0.8519546193E+000   0.1004369261E+001
 0.2828283   0.7178620671E+000   0.9916826347E+000
 0.2929293   0.6182147311E+000   0.9953752495E+000
 0.3030303   0.5275927736E+000   0.1027796407E+001
 0.3131313   0.4437632186E+000   0.1000175649E+001
 0.3232323   0.3866687226E+000   0.1016117764E+001
 0.3333333   0.3269868172E+000   0.1000816367E+001
 0.3434343   0.2862695312E+000   0.1029167665E+001
 0.3535354   0.2449045041E+000   0.1006690619E+001
 0.3636364   0.2176350031E+000   0.1015309381E+001
 0.3737374   0.1921165294E+000   0.1004307385E+001
 0.3838384   0.1729694983E+000   0.9932135729E+000
 0.3939394   0.1564812804E+000   0.9930279441E+000
 0.4040404   0.1450944224E+000   0.1005041916E+001
 0.4141414   0.1332150239E+000   0.9938582834E+000
 0.4242424   0.1235621087E+000   0.9976027944E+000
 0.4343434   0.1129277110E+000   0.9719341317E+000
 0.4444444   0.1084060755E+000   0.1009191617E+001
 0.4545455   0.1021396662E+000   0.1013087824E+001
 0.4646465   0.9559597553E-001   0.9897744511E+000
 0.4747475   0.8994052545E-001   0.9891157685E+000
 0.4848485   0.8486042461E-001   0.9845828343E+000
 0.4949495   0.8134745812E-001   0.1008964072E+001
 0.5050505   0.7663190256E-001   0.9898123752E+000
 0.5151515   0.7379143370E-001   0.9969980040E+000
 0.5252525   0.7041905585E-001   0.9973013972E+000
 0.5353535   0.6652844667E-001   0.9847385230E+000
 0.5454545   0.6505329076E-001   0.1011167665E+001
 0.5555556   0.6208182976E-001   0.9991536926E+000
 0.5656566   0.5920336917E-001   0.1001119760E+001
 0.5757576   0.5692953642E-001   0.9896586826E+000
 0.5858586   0.5497229695E-001   0.1000167665E+001
 0.5959596   0.5367035280E-001   0.1008896208E+001
 0.6060606   0.5084581216E-001   0.9856107784E+000
 0.6161616   0.5005882925E-001   0.1001457086E+001
 0.6262626   0.4809350835E-001   0.9937285429E+000
 0.6363636   0.4645280552E-001   0.9927664671E+000
 0.6464646   0.4613849975E-001   0.1014383234E+001
 0.6565657   0.4395644946E-001   0.9936187625E+000
 0.6666667   0.4318909296E-001   0.9949860279E+000
 0.6767677   0.4188998977E-001   0.9910479042E+000
 0.6868687   0.4087001447E-001   0.9989860279E+000
 0.6969697   0.3922778435E-001   0.9824091816E+000
 0.7070707   0.3918267729E-001   0.1005584830E+001
 0.7171717   0.3937687529E-001   0.9998123752E+000
 0.7272727   0.3896374982E-001   0.9923093812E+000
 0.7373737   0.3912698695E-001   0.9904850299E+000
 0.7474747   0.3948990516E-001   0.9913213573E+000
 0.7575758   0.3940791251E-001   0.9923992016E+000
 0.7676768   0.3957227901E-001   0.1006520958E+001
 0.7777778   0.3950032158E-001   0.9895688623E+000
 0.7878788   0.4002453375E-001   0.1001127745E+001
 0.7979798   0.3989815009E-001   0.9957165669E+000
 0.8080808   0.4039875348E-001   0.9938283433E+000
 0.8181818   0.4037176626E-001   0.9982315369E+000
 0.8282828   0.4064063113E-001   0.1007776447E+001
 0.8383838   0.4073563993E-001   0.9921916168E+000
 0.8484848   0.4148385685E-001   0.1010283433E+001
 0.8585859   0.4183027177E-001   0.1009113772E+001
 0.8686869   0.4174415097E-001   0.1003313373E+001
 0.8787879   0.4216262832E-001   0.1002928144E+001
 0.8888889   0.4215487711E-001   0.9974910180E+000
 0.8989899   0.4275556373E-001   0.9948522954E+000
 0.9090909   0.4318273254E-001   0.1006828343E+001
 0.9191919   0.4358044646E-001   0.1007672655E+001
 0.9292929   0.4357657369E-001   0.9991796407E+000
 0.9393939   0.4468534225E-001   0.1020720559E+001
 0.9494949   0.4447796807E-001   0.1014510978E+001
 0.9595960   0.4507491594E-001   0.1015373253E+001
 0.9696970   0.4515000366E-001   0.1006604790E+001
 0.9797980   0.4561999399E-001   0.1003896208E+001
 0.9898990   0.4562042615E-001   0.1000932136E+001
 1.0000000   0.4704402620E-001   0.1032097804E+001


 0.0000000   0.4955317778E+001   0.1032717565E+001
 0.0101010   0.4961287341E+001   0.1033821357E+001
 0.0202020   0.4999512274E+001   0.1039981038E+001
 0.0303030   0.4928331054E+001   0.1037426148E+001
 0.0404040   0.4872111400E+001   0.1023825349E+001
 0.0505051   0.4820287063E+001   0.1031230539E+001
 0.0606061   0.4739143871E+001   0.1039233533E+001
 0.0707071   0.4596815643E+001   0.1026752495E+001
 0.0808081   0.4538040477E+001   0.1038566866E+001
 0.0909091   0.4373801187E+001   0.1043066866E+001
 0.1010101   0.4228830860E+001   0.1036224551E+001
 0.1111111   0.4070418694E+001   0.1031593812E+001
 0.1212121   0.3861355697E+001   0.1038549900E+001
 0.1313131   0.3688494938E+001   0.1040308383E+001
 0.1414141   0.3472521874E+001   0.1032998004E+001
 0.1515152   0.3230853183E+001   0.1035335329E+001
 0.1616162   0.3032316058E+001   0.1037674651E+001
 0.1717172   0.2795486196E+001   0.1036813373E+001
 0.1818182   0.2542775865E+001   0.1030504990E+001
 0.1919192   0.2333158505E+001   0.1028201597E+001
 0.2020202   0.2123412878E+001   0.1035952096E+001
 0.2121212   0.1896830145E+001   0.1033037924E+001
 0.2222222   0.1704604824E+001   0.1043640719E+001
 0.2323232   0.1495960157E+001   0.1046018962E+001
 0.2424242   0.1305552426E+001   0.1046105788E+001
 0.2525253   0.1139440646E+001   0.1027310379E+001
 0.2626263   0.9824526073E+000   0.1039620758E+001
 0.2727273   0.8431650188E+000   0.1030143713E+001
 0.2828283   0.7156975112E+000   0.1024635729E+001
 0.2929293   0.6132375405E+000   0.1023256487E+001
 0.3030303   0.5168338966E+000   0.1043440120E+001
 0.3131313   0.4409084439E+000   0.1029868263E+001
 0.3232323   0.3767315245E+000   0.1025995010E+001
 0.3333333   0.3204063913E+000   0.1016327345E+001
 0.3434343   0.2798117316E+000   0.1042521956E+001
 0.3535354   0.2389216517E+000   0.1017801397E+001
 0.3636364   0.2123467474E+000   0.1026652695E+001
 0.3737374   0.1884602567E+000   0.1021009980E+001
 0.3838384   0.1682026192E+000   0.1000954092E+001
 0.3939394   0.1527298843E+000   0.1004457086E+001
 0.4040404   0.1405644918E+000   0.1009060878E+001
 0.4141414   0.1281014175E+000   0.9904520958E+000
 0.4242424   0.1191033764E+000   0.9965628743E+000
 0.4343434   0.1093901448E+000   0.9757145709E+000
 0.4444444   0.1031755586E+000   0.9954171657E+000
 0.4545455   0.9703550399E-001   0.9974510978E+000
 0.4646465   0.9025261657E-001   0.9684221557E+000
 0.4747475   0.8567682818E-001   0.9764800399E+000
 0.4848485   0.8074591962E-001   0.9709031936E+000
 0.4949495   0.7687939153E-001   0.9882115768E+000
 0.5050505   0.7271377964E-001   0.9733483034E+000
 0.5151515   0.6991382189E-001   0.9789481038E+000
 0.5252525   0.6599241826E-001   0.9685868263E+000
 0.5353535   0.6324482076E-001   0.9701676647E+000
 0.5454545   0.6119052110E-001   0.9857035928E+000
 0.5555556   0.5834606827E-001   0.9731676647E+000
 0.5656566   0.5585888875E-001   0.9789041916E+000
 0.5757576   0.5356577654E-001   0.9650359281E+000
 0.5858586   0.5212808505E-001   0.9828992016E+000
 0.5959596   0.5032271407E-001   0.9803572854E+000
 0.6060606   0.4821307180E-001   0.9685528942E+000
 0.6161616   0.4710142598E-001   0.9765489022E+000
 0.6262626   0.4558541861E-001   0.9761477046E+000
 0.6363636   0.4386441145E-001   0.9715289421E+000
 0.6464646   0.4300711154E-001   0.9799121756E+000
 0.6565657   0.4144126135E-001   0.9708193613E+000
 0.6666667   0.4060041370E-001   0.9693522954E+000
 0.6767677   0.3931703496E-001   0.9639920160E+000
 0.6868687   0.3867552493E-001   0.9797135729E+000
 0.6969697   0.3717932749E-001   0.9649580838E+000
 0.7070707   0.3698338782E-001   0.9836477046E+000
 0.7171717   0.3709128028E-001   0.9760169661E+000
 0.7272727   0.3708725935E-001   0.9788572854E+000
 0.7373737   0.3716522979E-001   0.9750269461E+000
 0.7474747   0.3733732817E-001   0.9713592814E+000
 0.7575758   0.3710779016E-001   0.9684481038E+000
 0.7676768   0.3723956266E-001   0.9816227545E+000
 0.7777778   0.3739348264E-001   0.9708443114E+000
 0.7878788   0.3763498616E-001   0.9755808383E+000
 0.7979798   0.3769888203E-001   0.9750339321E+000
 0.8080808   0.3792710330E-001   0.9669441118E+000
 0.8181818   0.3833973625E-001   0.9824510978E+000
 0.8282828   0.3849053271E-001   0.9891586826E+000
 0.8383838   0.3852779290E-001   0.9725309381E+000
 0.8484848   0.3901549258E-001   0.9847125749E+000
 0.8585859   0.3934813467E-001   0.9837435130E+000
 0.8686869   0.3948592328E-001   0.9835389222E+000
 0.8787879   0.3964875314E-001   0.9774171657E+000
 0.8888889   0.3972002653E-001   0.9740449102E+000
 0.8989899   0.4022769813E-001   0.9700618762E+000
 0.9090909   0.4082311541E-001   0.9864151697E+000
 0.9191919   0.4067787637E-001   0.9747524950E+000
 0.9292929   0.4100021096E-001   0.9742824351E+000
 0.9393939   0.4150210720E-001   0.9824720559E+000
 0.9494949   0.4170864161E-001   0.9859301397E+000
 0.9595960   0.4226839360E-001   0.9867674651E+000
 0.9696970   0.4238115667E-001   0.9792245509E+000
 0.9797980   0.4320231190E-001   0.9852554890E+000
 0.9898990   0.4306177961E-001   0.9791417166E+000
 1.0000000   0.4415002072E-001   0.1003819361E+001


 0.0000000   0.4960607613E+001   0.1013265469E+001
 0.0101010   0.4987313127E+001   0.1018582169E+001
 0.0202020   0.4969952979E+001   0.1013277445E+001
 0.0303030   0.4922622216E+001   0.1015622089E+001
 0.0404040   0.4858996976E+001   0.1000768463E+001
 0.0505051   0.4801294886E+001   0.1006745176E+001
 0.0606061   0.4736157292E+001   0.1017929474E+001
 0.0707071   0.4607432229E+001   0.1008662675E+001
 0.0808081   0.4508685163E+001   0.1011333333E+001
 0.0909091   0.4366270170E+001   0.1020568197E+001
 0.1010101   0.4228758309E+001   0.1015604790E+001
 0.1111111   0.4056124650E+001   0.1007532934E+001
 0.1212121   0.3857414094E+001   0.1016862275E+001
 0.1313131   0.3678429108E+001   0.1016842315E+001
 0.1414141   0.3466771089E+001   0.1010783100E+001
 0.1515152   0.3231394929E+001   0.1014920825E+001
 0.1616162   0.3019649429E+001   0.1012795077E+001
 0.1717172   0.2788852147E+001   0.1013787758E+001
 0.1818182   0.2548029397E+001   0.1012103127E+001
 0.1919192   0.2331782270E+001   0.1007164338E+001
 0.2020202   0.2121844986E+001   0.1014605456E+001
 0.2121212   0.1890170470E+001   0.1008944112E+001
 0.2222222   0.1704814298E+001   0.1023016633E+001
 0.2323232   0.1491836553E+001   0.1022395875E+001
 0.2424242   0.1303046935E+001   0.1023339321E+001
 0.2525253   0.1142735778E+001   0.1009797073E+001
 0.2626263   0.9839722018E+000   0.1020526946E+001
 0.2727273   0.8430520052E+000   0.1009526946E+001
 0.2828283   0.7167456389E+000   0.1005734531E+001
 0.2929293   0.6165536834E+000   0.1008335329E+001
 0.3030303   0.5183289541E+000   0.1025652695E+001
 0.3131313   0.4437098624E+000   0.1015805722E+001
 0.3232323   0.3779132884E+000   0.1008750499E+001
 0.3333333   0.3228883991E+000   0.1003836993E+001
 0.3434343   0.2801050695E+000   0.1022865602E+001
 0.3535354   0.2408522347E+000   0.1005626081E+001
 0.3636364   0.2146849626E+000   0.1017320692E+001
 0.3737374   0.1909585786E+000   0.1013976048E+001
 0.3838384   0.1709918458E+000   0.9973213573E+000
 0.3939394   0.1552525327E+000   0.1000747172E+001
 0.4040404   0.1420324948E+000   0.9993273453E+000
 0.4141414   0.1312335130E+000   0.9944950100E+000
 0.4242424   0.1216203658E+000   0.9973905522E+000
 0.4343434   0.1122323260E+000   0.9811623420E+000
 0.4444444   0.1049224821E+000   0.9921450432E+000
 0.4545455   0.9885954952E-001   0.9959966733E+000
 0.4646465   0.9264398212E-001   0.9743173653E+000
 0.4747475   0.8766572087E-001   0.9792827678E+000
 0.4848485   0.8303100837E-001   0.9785296075E+000
 0.4949495   0.7884952720E-001   0.9933845642E+000
 0.5050505   0.7456161976E-001   0.9782395210E+000
 0.5151515   0.7159515710E-001   0.9825588822E+000
 0.5252525   0.6789166137E-001   0.9766506986E+000
 0.5353535   0.6501720543E-001   0.9775262808E+000
 0.5454545   0.6266308588E-001   0.9893552894E+000
 0.5555556   0.6006369936E-001   0.9818982036E+000
 0.5656566   0.5755945420E-001   0.9886506986E+000
 0.5757576   0.5525642365E-001   0.9757019295E+000
 0.5858586   0.5366886941E-001   0.9918316700E+000
 0.5959596   0.5176557661E-001   0.9884158350E+000
 0.6060606   0.4984779384E-001   0.9814830339E+000
 0.6161616   0.4857693707E-001   0.9871164338E+000
 0.6262626   0.4711344050E-001   0.9888097139E+000
 0.6363636   0.4554159820E-001   0.9886214238E+000
 0.6464646   0.4440141530E-001   0.9915668663E+000
 0.6565657   0.4285011578E-001   0.9838656021E+000
 0.6666667   0.4203716677E-001   0.9837005988E+000
 0.6767677   0.4084189800E-001   0.9814697272E+000
 0.6868687   0.4002495977E-001   0.9937385230E+000
 0.6969697   0.3854008834E-001   0.9803878909E+000
 0.7070707   0.3844134878E-001   0.1002097139E+001
 0.7171717   0.3830865370E-001   0.9880086494E+000
 0.7272727   0.3852768590E-001   0.9966573520E+000
 0.7373737   0.3858355178E-001   0.9921111111E+000
 0.7474747   0.3864727999E-001   0.9854484365E+000
 0.7575758   0.3868430850E-001   0.9895196274E+000
 0.7676768   0.3880055332E-001   0.1002435130E+001
 0.7777778   0.3887096843E-001   0.9891390552E+000
 0.7878788   0.3900277933E-001   0.9909354624E+000
 0.7979798   0.3919996582E-001   0.9936999335E+000
 0.8080808   0.3948993509E-001   0.9867711244E+000
 0.8181818   0.3969715384E-001   0.9970099800E+000
 0.8282828   0.3992524643E-001   0.1005629408E+001
 0.8383838   0.4020855500E-001   0.9947777778E+000
 0.8484848   0.4039903085E-001   0.9993592814E+000
 0.8585859   0.4084304041E-001   0.1000815702E+001
 0.8686869   0.4089470752E-001   0.9983772455E+000
 0.8787879   0.4116062893E-001   0.9945136394E+000
 0.8888889   0.4120281810E-001   0.9903180306E+000
 0.8989899   0.4169666061E-001   0.9854936793E+000
 0.9090909   0.4228359131E-001   0.1001391218E+001
 0.9191919   0.4247811851E-001   0.9976533599E+000
 0.9292929   0.4269182613E-001   0.9943100466E+000
 0.9393939   0.4311446601E-001   0.1000348636E+001
 0.9494949   0.4332115372E-001   0.1003687292E+001
 0.9595960   0.4398582086E-001   0.1006445110E+001
 0.9696970   0.4418807640E-001   0.1000674651E+001
 0.9797980   0.4504671038E-001   0.1006892881E+001
 0.9898990   0.4472686743E-001   0.9967824351E+000
 1.0000000   0.4567301134E-001   0.1017800399E+001


 0.0000000   0.4983106646E+001   0.1038405190E+001
 0.0101010   0.4995101388E+001   0.1040763473E+001
 0.0202020   0.4975166688E+001   0.1034813373E+001
 0.0303030   0.4920319479E+001   0.1035636228E+001
 0.0404040   0.4872431899E+001   0.1023790419E+001
 0.0505051   0.4812109564E+001   0.1029378244E+001
 0.0606061   0.4750805116E+001   0.1041686627E+001
 0.0707071   0.4610115268E+001   0.1029620259E+001
 0.0808081   0.4510455456E+001   0.1032150699E+001
 0.0909091   0.4364036570E+001   0.1040634232E+001
 0.1010101   0.4222952000E+001   0.1034680639E+001
 0.1111111   0.4068318629E+001   0.1030958583E+001
 0.1212121   0.3874470105E+001   0.1041973054E+001
 0.1313131   0.3673117295E+001   0.1035867764E+001
 0.1414141   0.3470810362E+001   0.1032385729E+001
 0.1515152   0.3231671187E+001   0.1035494012E+001
 0.1616162   0.3008734295E+001   0.1029501996E+001
 0.1717172   0.2795412937E+001   0.1036682635E+001
 0.1818182   0.2553788749E+001   0.1034864770E+001
 0.1919192   0.2337120689E+001   0.1029844810E+001
 0.2020202   0.2122208273E+001   0.1035260978E+001
 0.2121212   0.1891757089E+001   0.1030172156E+001
 0.2222222   0.1700520224E+001   0.1041035928E+001
 0.2323232   0.1494039828E+001   0.1044571856E+001
 0.2424242   0.1303795079E+001   0.1044593313E+001
 0.2525253   0.1143717526E+001   0.1031063373E+001
 0.2626263   0.9840806578E+000   0.1041239521E+001
 0.2727273   0.8429200266E+000   0.1029741517E+001
 0.2828283   0.7198976237E+000   0.1030545908E+001
 0.2929293   0.6157701172E+000   0.1027379741E+001
 0.3030303   0.5173104477E+000   0.1044297904E+001
 0.3131313   0.4412161419E+000   0.1030484032E+001
 0.3232323   0.3765976437E+000   0.1025527944E+001
 0.3333333   0.3213583129E+000   0.1019245010E+001
 0.3434343   0.2782255150E+000   0.1036508483E+001
 0.3535354   0.2396687979E+000   0.1020882236E+001
 0.3636364   0.2137764110E+000   0.1033461577E+001
 0.3737374   0.1891385434E+000   0.1024582335E+001
 0.3838384   0.1699237468E+000   0.1011095309E+001
 0.3939394   0.1540003812E+000   0.1012711577E+001
 0.4040404   0.1410925586E+000   0.1012750499E+001
 0.4141414   0.1300487737E+000   0.1005408184E+001
 0.4242424   0.1200729154E+000   0.1004574850E+001
 0.4343434   0.1111341843E+000   0.9911716567E+000
 0.4444444   0.1036111656E+000   0.9995199601E+000
 0.4545455   0.9781825175E-001   0.1005396707E+001
 0.4646465   0.9142483323E-001   0.9809021956E+000
 0.4747475   0.8660049310E-001   0.9869086826E+000
 0.4848485   0.8176444363E-001   0.9830518962E+000
 0.4949495   0.7758789274E-001   0.9972190619E+000
 0.5050505   0.7339796531E-001   0.9824086826E+000
 0.5151515   0.7026777096E-001   0.9838058882E+000
 0.5252525   0.6669778089E-001   0.9788418164E+000
 0.5353535   0.6362656969E-001   0.9759261477E+000
 0.5454545   0.6131473054E-001   0.9876057884E+000
 0.5555556   0.5870786202E-001   0.9791042914E+000
 0.5656566   0.5623071491E-001   0.9853218563E+000
 0.5757576   0.5386131969E-001   0.9702634731E+000
 0.5858586   0.5212956093E-001   0.9828288423E+000
 0.5959596   0.5031060381E-001   0.9800234531E+000
 0.6060606   0.4846489276E-001   0.9735144711E+000
 0.6161616   0.4711109009E-001   0.9766516966E+000
 0.6262626   0.4558181585E-001   0.9759730539E+000
 0.6363636   0.4396133310E-001   0.9735783433E+000
 0.6464646   0.4291363417E-001   0.9776846307E+000
 0.6565657   0.4141135931E-001   0.9700219561E+000
 0.6666667   0.4034233382E-001   0.9630943114E+000
 0.6767677   0.3919326091E-001   0.9608612774E+000
 0.6868687   0.3841224656E-001   0.9729471058E+000
 0.6969697   0.3689327277E-001   0.9574381238E+000
 0.7070707   0.3677721335E-001   0.9780663673E+000
 0.7171717   0.3673020689E-001   0.9664191617E+000
 0.7272727   0.3693468791E-001   0.9747330339E+000
 0.7373737   0.3698134356E-001   0.9701057884E+000
 0.7474747   0.3702602133E-001   0.9631641717E+000
 0.7575758   0.3694152146E-001   0.9640124750E+000
 0.7676768   0.3713728051E-001   0.9788288423E+000
 0.7777778   0.3727250792E-001   0.9676067864E+000
 0.7878788   0.3736240388E-001   0.9684181637E+000
 0.7979798   0.3755808692E-001   0.9712954092E+000
 0.8080808   0.3776380314E-001   0.9626846307E+000
 0.8181818   0.3802516506E-001   0.9742929142E+000
 0.8282828   0.3824548084E-001   0.9827629741E+000
 0.8383838   0.3848638740E-001   0.9713887226E+000
 0.8484848   0.3872180621E-001   0.9772025948E+000
 0.8585859   0.3900352212E-001   0.9750304391E+000
 0.8686869   0.3924683954E-001   0.9774860279E+000
 0.8787879   0.3939215430E-001   0.9709945110E+000
 0.8888889   0.3953894711E-001   0.9695074850E+000
 0.8989899   0.3981795616E-001   0.9600853293E+000
 0.9090909   0.4039231526E-001   0.9759081836E+000
 0.9191919   0.4065611576E-001   0.9741337325E+000
 0.9292929   0.4099431037E-001   0.9740449102E+000
 0.9393939   0.4128369902E-001   0.9772040918E+000
 0.9494949   0.4162312544E-001   0.9838103792E+000
 0.9595960   0.4212577779E-001   0.9833398204E+000
 0.9696970   0.4232957853E-001   0.9779351297E+000
 0.9797980   0.4304036209E-001   0.9814640719E+000
 0.9898990   0.4294545620E-001   0.9763992016E+000
 1.0000000   0.4369358358E-001   0.9933423154E+000


 0.0000000   0.4978751157E+001   0.1049489022E+001
 0.0101010   0.4997854132E+001   0.1053372854E+001
 0.0202020   0.4976376493E+001   0.1047028343E+001
 0.0303030   0.4927098430E+001   0.1049049501E+001
 0.0404040   0.4881590402E+001   0.1037570060E+001
 0.0505051   0.4815749446E+001   0.1042063473E+001
 0.0606061   0.4744804713E+001   0.1052395609E+001
 0.0707071   0.4612595666E+001   0.1042081038E+001
 0.0808081   0.4516242606E+001   0.1045419960E+001
 0.0909091   0.4375746930E+001   0.1055486627E+001
 0.1010101   0.4228764927E+001   0.1048080240E+001
 0.1111111   0.4051720015E+001   0.1038619561E+001
 0.1212121   0.3873939388E+001   0.1053871856E+001
 0.1313131   0.3671560991E+001   0.1047396407E+001
 0.1414141   0.3471306789E+001   0.1044467465E+001
 0.1515152   0.3234498920E+001   0.1048378842E+001
 0.1616162   0.3020155160E+001   0.1045354092E+001
 0.1717172   0.2795682176E+001   0.1048765669E+001
 0.1818182   0.2557199638E+001   0.1048223952E+001
 0.1919192   0.2344261911E+001   0.1044930938E+001
 0.2020202   0.2120826869E+001   0.1046544910E+001
 0.2121212   0.1892766779E+001   0.1042635130E+001
 0.2222222   0.1701594819E+001   0.1053733733E+001
 0.2323232   0.1499836780E+001   0.1060744910E+001
 0.2424242   0.1307933966E+001   0.1060021158E+001
 0.2525253   0.1143562101E+001   0.1042838723E+001
 0.2626263   0.9836424379E+000   0.1052805190E+001
 0.2727273   0.8441141448E+000   0.1043118962E+001
 0.2828283   0.7201932034E+000   0.1042885030E+001
 0.2929293   0.6135734736E+000   0.1035546906E+001
 0.3030303   0.5182531624E+000   0.1058293014E+001
 0.3131313   0.4416985495E+000   0.1043534132E+001
 0.3232323   0.3769458122E+000   0.1038340120E+001
 0.3333333   0.3216858192E+000   0.1032076248E+001
 0.3434343   0.2778348711E+000   0.1047016367E+001
 0.3535354   0.2398118910E+000   0.1033298204E+001
 0.3636364   0.2124816280E+000   0.1039074651E+001
 0.3737374   0.1887990292E+000   0.1034564072E+001
 0.3838384   0.1692207299E+000   0.1018550100E+001
 0.3939394   0.1536992739E+000   0.1022413573E+001
 0.4040404   0.1401425030E+000   0.1017557685E+001
 0.4141414   0.1291209537E+000   0.1009772854E+001
 0.4242424   0.1195668127E+000   0.1011902595E+001
 0.4343434   0.1105661501E+000   0.9975029940E+000
 0.4444444   0.1030575666E+000   0.1005670259E+001
 0.4545455   0.9703540246E-001   0.1008877844E+001
 0.4646465   0.9090340666E-001   0.9865804391E+000
 0.4747475   0.8570923163E-001   0.9880411178E+000
 0.4848485   0.8086463610E-001   0.9834706587E+000
 0.4949495   0.7677900338E-001   0.9982283433E+000
 0.5050505   0.7263539816E-001   0.9834387226E+000
 0.5151515   0.6930857426E-001   0.9815920160E+000
 0.5252525   0.6584359914E-001   0.9774746507E+000
 0.5353535   0.6273356957E-001   0.9733504990E+000
 0.5454545   0.6040854942E-001   0.9842558882E+000
 0.5555556   0.5776098508E-001   0.9744467066E+000
 0.5656566   0.5531199170E-001   0.9804255489E+000
 0.5757576   0.5308181513E-001   0.9672734531E+000
 0.5858586   0.5142013829E-001   0.9806586826E+000
 0.5959596   0.4946185461E-001   0.9746263473E+000
 0.6060606   0.4771852350E-001   0.9696007984E+000
 0.6161616   0.4630024552E-001   0.9709361277E+000
 0.6262626   0.4468086274E-001   0.9677397206E+000
 0.6363636   0.4310078769E-001   0.9655528942E+000
 0.6464646   0.4195981872E-001   0.9670031936E+000
 0.6565657   0.4044993172E-001   0.9584526946E+000
 0.6666667   0.3943989071E-001   0.9524327345E+000
 0.6767677   0.3829379000E-001   0.9496606786E+000
 0.6868687   0.3749752733E-001   0.9607556886E+000
 0.6969697   0.3607002008E-001   0.9468926148E+000
 0.7070707   0.3593811120E-001   0.9667976048E+000
 0.7171717   0.3583084820E-001   0.9536522954E+000
 0.7272727   0.3596809795E-001   0.9601952096E+000
 0.7373737   0.3609089474E-001   0.9576898204E+000
 0.7474747   0.3612221142E-001   0.9505137725E+000
 0.7575758   0.3605047982E-001   0.9516335329E+000
 0.7676768   0.3624919213E-001   0.9664642715E+000
 0.7777778   0.3623274375E-001   0.9514858283E+000
 0.7878788   0.3643907956E-001   0.9554023952E+000
 0.7979798   0.3674664064E-001   0.9612942116E+000
 0.8080808   0.3676573282E-001   0.9480742515E+000
 0.8181818   0.3705526673E-001   0.9604155689E+000
 0.8282828   0.3724953250E-001   0.9682339321E+000
 0.8383838   0.3746084149E-001   0.9564323353E+000
 0.8484848   0.3771980013E-001   0.9629177645E+000
 0.8585859   0.3790567474E-001   0.9585381238E+000
 0.8686869   0.3824594158E-001   0.9635672655E+000
 0.8787879   0.3846069584E-001   0.9589920160E+000
 0.8888889   0.3850400616E-001   0.9550427146E+000
 0.8989899   0.3882817436E-001   0.9470407186E+000
 0.9090909   0.3935600132E-001   0.9618602794E+000
 0.9191919   0.3959228103E-001   0.9596083832E+000
 0.9292929   0.4000038959E-001   0.9614139721E+000
 0.9393939   0.4027330660E-001   0.9643057884E+000
 0.9494949   0.4058134591E-001   0.9702730539E+000
 0.9595960   0.4095688696E-001   0.9671045908E+000
 0.9696970   0.4136719329E-001   0.9667473054E+000
 0.9797980   0.4194754592E-001   0.9676000000E+000
 0.9898990   0.4184988198E-001   0.9624878244E+000
 1.0000000   0.4261243009E-001   0.9799600798E+000


 0.0000000   0.4982776027E+001   0.1050827678E+001
 0.0101010   0.4986347221E+001   0.1051438124E+001
 0.0202020   0.4975268302E+001   0.1047283766E+001
 0.0303030   0.4936630162E+001   0.1051569528E+001
 0.0404040   0.4879373083E+001   0.1037582834E+001
 0.0505051   0.4819780339E+001   0.1043422488E+001
 0.0606061   0.4750363975E+001   0.1054120426E+001
 0.0707071   0.4612063349E+001   0.1042447106E+001
 0.0808081   0.4517709007E+001   0.1046247505E+001
 0.0909091   0.4372008866E+001   0.1055077179E+001
 0.1010101   0.4226194810E+001   0.1047932136E+001
 0.1111111   0.4059327018E+001   0.1041055223E+001
 0.1212121   0.3873122390E+001   0.1054141384E+001
 0.1313131   0.3672925750E+001   0.1048274784E+001
 0.1414141   0.3469581020E+001   0.1044435462E+001
 0.1515152   0.3238968982E+001   0.1050317698E+001
 0.1616162   0.3019408655E+001   0.1045583500E+001
 0.1717172   0.2789045836E+001   0.1046764471E+001
 0.1818182   0.2557944390E+001   0.1049018629E+001
 0.1919192   0.2341559621E+001   0.1044213573E+001
 0.2020202   0.2121172321E+001   0.1047203925E+001
 0.2121212   0.1898108298E+001   0.1046065536E+001
 0.2222222   0.1696508282E+001   0.1051074185E+001
 0.2323232   0.1502304879E+001   0.1062986361E+001
 0.2424242   0.1308524421E+001   0.1060994677E+001
 0.2525253   0.1141784777E+001   0.1041703925E+001
 0.2626263   0.9859412250E+000   0.1055758150E+001
 0.2727273   0.8432240047E+000   0.1042505323E+001
 0.2828283   0.7186915410E+000   0.1041196274E+001
 0.2929293   0.6130074601E+000   0.1035074518E+001
 0.3030303   0.5166620128E+000   0.1055536261E+001
 0.3131313   0.4413035234E+000   0.1043087492E+001
 0.3232323   0.3763038426E+000   0.1037055556E+001
 0.3333333   0.3212097748E+000   0.1031029940E+001
 0.3434343   0.2771300311E+000   0.1044847638E+001
 0.3535354   0.2395529710E+000   0.1032664338E+001
 0.3636364   0.2126631597E+000   0.1040447771E+001
 0.3737374   0.1885778402E+000   0.1033834331E+001
 0.3838384   0.1690627529E+000   0.1018074185E+001
 0.3939394   0.1535206377E+000   0.1021701929E+001
 0.4040404   0.1400814092E+000   0.1017588822E+001
 0.4141414   0.1291116869E+000   0.1010171657E+001
 0.4242424   0.1195430842E+000   0.1012173985E+001
 0.4343434   0.1106365637E+000   0.9986041251E+000
 0.4444444   0.1031208506E+000   0.1006757485E+001
 0.4545455   0.9705937939E-001   0.1009598137E+001
 0.4646465   0.9091232206E-001   0.9871377246E+000
 0.4747475   0.8560608837E-001   0.9873127079E+000
 0.4848485   0.8087869887E-001   0.9841007984E+000
 0.4949495   0.7685434958E-001   0.9996743180E+000
 0.5050505   0.7271279323E-001   0.9849461078E+000
 0.5151515   0.6939023590E-001   0.9832072522E+000
 0.5252525   0.6584193652E-001   0.9779061876E+000
 0.5353535   0.6272531349E-001   0.9736766467E+000
 0.5454545   0.6040634243E-001   0.9846793081E+000
 0.5555556   0.5775390958E-001   0.9747821025E+000
 0.5656566   0.5521159708E-001   0.9791027944E+000
 0.5757576   0.5300236310E-001   0.9662764471E+000
 0.5858586   0.5138349157E-001   0.9804171657E+000
 0.5959596   0.4950439224E-001   0.9759198270E+000
 0.6060606   0.4769241588E-001   0.9695226214E+000
 0.6161616   0.4622620855E-001   0.9698359947E+000
 0.6262626   0.4463655052E-001   0.9672312043E+000
 0.6363636   0.4313533143E-001   0.9667777778E+000
 0.6464646   0.4192473874E-001   0.9666457086E+000
 0.6565657   0.4045351661E-001   0.9589850299E+000
 0.6666667   0.3943388602E-001   0.9527322023E+000
 0.6767677   0.3827844566E-001   0.9497232202E+000
 0.6868687   0.3743732928E-001   0.9596610113E+000
 0.6969697   0.3612299458E-001   0.9487258816E+000
 0.7070707   0.3587488780E-001   0.9655472389E+000
 0.7171717   0.3586865519E-001   0.9551041251E+000
 0.7272727   0.3578110149E-001   0.9556490353E+000
 0.7373737   0.3602242269E-001   0.9563190286E+000
 0.7474747   0.3611034578E-001   0.9506450432E+000
 0.7575758   0.3604787772E-001   0.9520089820E+000
 0.7676768   0.3624130284E-001   0.9667049235E+000
 0.7777778   0.3627591702E-001   0.9530642049E+000
 0.7878788   0.3644231270E-001   0.9559331337E+000
 0.7979798   0.3673052184E-001   0.9613210246E+000
 0.8080808   0.3681348967E-001   0.9497488357E+000
 0.8181818   0.3702450626E-001   0.9600662009E+000
 0.8282828   0.3723793416E-001   0.9683842315E+000
 0.8383838   0.3748309225E-001   0.9574471058E+000
 0.8484848   0.3767119215E-001   0.9621257485E+000
 0.8585859   0.3795186223E-001   0.9601540253E+000
 0.8686869   0.3816791282E-001   0.9620502329E+000
 0.8787879   0.3847845214E-001   0.9598825682E+000
 0.8888889   0.3852894950E-001   0.9561074518E+000
 0.8989899   0.3883455276E-001   0.9476383899E+000
 0.9090909   0.3929901532E-001   0.9609158350E+000
 0.9191919   0.3950545077E-001   0.9579507651E+000
 0.9292929   0.3986237294E-001   0.9585439122E+000
 0.9393939   0.4015833335E-001   0.9620016633E+000
 0.9494949   0.4053941384E-001   0.9697228876E+000
 0.9595960   0.4088623403E-001   0.9658868929E+000
 0.9696970   0.4128196923E-001   0.9652059215E+000
 0.9797980   0.4184862666E-001   0.9657687957E+000
 0.9898990   0.4175418752E-001   0.9607351963E+000
 1.0000000   0.4254632504E-001   0.9788965403E+000


 0.0000000   0.4972210901E+001   0.1037443399E+001
 0.0101010   0.4980610892E+001   0.1039055033E+001
 0.0202020   0.4965228703E+001   0.1034050756E+001
 0.0303030   0.4928122680E+001   0.1038588822E+001
 0.0404040   0.4866010258E+001   0.1023732535E+001
 0.0505051   0.4815003476E+001   0.1031298261E+001
 0.0606061   0.4744105488E+001   0.1041531508E+001
 0.0707071   0.4607513928E+001   0.1030339036E+001
 0.0808081   0.4515509931E+001   0.1034612489E+001
 0.0909091   0.4370839354E+001   0.1043572854E+001
 0.1010101   0.4216397395E+001   0.1034379527E+001
 0.1111111   0.4055723614E+001   0.1029065013E+001
 0.1212121   0.3868218069E+001   0.1041605646E+001
 0.1313131   0.3670320330E+001   0.1036386370E+001
 0.1414141   0.3465573412E+001   0.1032130026E+001
 0.1515152   0.3237372422E+001   0.1038631024E+001
 0.1616162   0.3018472208E+001   0.1034138580E+001
 0.1717172   0.2790038179E+001   0.1035996293E+001
 0.1818182   0.2557074366E+001   0.1037504990E+001
 0.1919192   0.2340325257E+001   0.1032559453E+001
 0.2020202   0.2122938554E+001   0.1036925292E+001
 0.2121212   0.1899534595E+001   0.1035714001E+001
 0.2222222   0.1697506063E+001   0.1040503279E+001
 0.2323232   0.1503080563E+001   0.1052220131E+001
 0.2424242   0.1309551267E+001   0.1050530368E+001
 0.2525253   0.1143928715E+001   0.1032556316E+001
 0.2626263   0.9871171406E+000   0.1045771600E+001
 0.2727273   0.8471024128E+000   0.1036157970E+001
 0.2828283   0.7204080158E+000   0.1032579127E+001
 0.2929293   0.6163150136E+000   0.1029587682E+001
 0.3030303   0.5193966878E+000   0.1049833761E+001
 0.3131313   0.4439652558E+000   0.1038214428E+001
 0.3232323   0.3794258681E+000   0.1034534645E+001
 0.3333333   0.3240045872E+000   0.1028936128E+001
 0.3434343   0.2795335698E+000   0.1042696892E+001
 0.3535354   0.2425648679E+000   0.1034523239E+001
 0.3636364   0.2150793838E+000   0.1041073852E+001
 0.3737374   0.1905366914E+000   0.1033459937E+001
 0.3838384   0.1712714522E+000   0.1020401768E+001
 0.3939394   0.1553973837E+000   0.1023189050E+001
 0.4040404   0.1419605657E+000   0.1020268035E+001
 0.4141414   0.1310142221E+000   0.1014151411E+001
 0.4242424   0.1212113930E+000   0.1015380667E+001
 0.4343434   0.1122536428E+000   0.1002420302E+001
 0.4444444   0.1047609794E+000   0.1011888509E+001
 0.4545455   0.9843416960E-001   0.1013005133E+001
 0.4646465   0.9227575690E-001   0.9912822926E+000
 0.4747475   0.8710237487E-001   0.9938819504E+000
 0.4848485   0.8223295310E-001   0.9899335614E+000
 0.4949495   0.7813694168E-001   0.1005544340E+001
 0.5050505   0.7387699403E-001   0.9900692900E+000
 0.5151515   0.7047367563E-001   0.9879349872E+000
 0.5252525   0.6686204184E-001   0.9824918734E+000
 0.5353535   0.6378115740E-001   0.9795329341E+000
 0.5454545   0.6126785539E-001   0.9880972341E+000
 0.5555556   0.5855775113E-001   0.9778343313E+000
 0.5656566   0.5607613475E-001   0.9838542914E+000
 0.5757576   0.5394890295E-001   0.9730687197E+000
 0.5858586   0.5217253014E-001   0.9848813801E+000
 0.5959596   0.5033991078E-001   0.9818329056E+000
 0.6060606   0.4855207685E-001   0.9764975763E+000
 0.6161616   0.4698511005E-001   0.9752703165E+000
 0.6262626   0.4538414711E-001   0.9729680639E+000
 0.6363636   0.4386797703E-001   0.9727379527E+000
 0.6464646   0.4266101056E-001   0.9731568292E+000
 0.6565657   0.4121038129E-001   0.9665335044E+000
 0.6666667   0.4007082845E-001   0.9578209296E+000
 0.6767677   0.3890242723E-001   0.9549358426E+000
 0.6868687   0.3807478484E-001   0.9656176219E+000
 0.6969697   0.3674265250E-001   0.9547336755E+000
 0.7070707   0.3643465854E-001   0.9701802110E+000
 0.7171717   0.3650247863E-001   0.9616404334E+000
 0.7272727   0.3643462459E-001   0.9627504990E+000
 0.7373737   0.3662804663E-001   0.9620516111E+000
 0.7474747   0.3665598698E-001   0.9547428001E+000
 0.7575758   0.3666896723E-001   0.9581086399E+000
 0.7676768   0.3685846539E-001   0.9727071571E+000
 0.7777778   0.3690239042E-001   0.9592084403E+000
 0.7878788   0.3706171410E-001   0.9618377531E+000
 0.7979798   0.3732980197E-001   0.9666110636E+000
 0.8080808   0.3745894307E-001   0.9561191902E+000
 0.8181818   0.3764347531E-001   0.9657313944E+000
 0.8282828   0.3788813969E-001   0.9748103792E+000
 0.8383838   0.3815722275E-001   0.9642971200E+000
 0.8484848   0.3825728448E-001   0.9666991731E+000
 0.8585859   0.3865014358E-001   0.9674168805E+000
 0.8686869   0.3890760180E-001   0.9702609068E+000
 0.8787879   0.3920398574E-001   0.9675768463E+000
 0.8888889   0.3921842606E-001   0.9628628457E+000
 0.8989899   0.3947831948E-001   0.9530983747E+000
 0.9090909   0.4003265758E-001   0.9684402623E+000
 0.9191919   0.4023054917E-001   0.9651545480E+000
 0.9292929   0.4056712898E-001   0.9651123467E+000
 0.9393939   0.4091387892E-001   0.9696735101E+000
 0.9494949   0.4136350171E-001   0.9789087539E+000
 0.9595960   0.4157811218E-001   0.9717815797E+000
 0.9696970   0.4206749400E-001   0.9731077844E+000
 0.9797980   0.4257545726E-001   0.9720889649E+000
 0.9898990   0.4251784912E-001   0.9678982036E+000
 1.0000000   0.4329239738E-001   0.9854647847E+000


 0.0000000   0.4972992247E+001   0.1028350798E+001
 0.0101010   0.4973653857E+001   0.1028348054E+001
 0.0202020   0.4952906012E+001   0.1022283433E+001
 0.0303030   0.4929607109E+001   0.1029634481E+001
 0.0404040   0.4867188354E+001   0.1014846307E+001
 0.0505051   0.4819703319E+001   0.1023096557E+001
 0.0606061   0.4740753255E+001   0.1031511477E+001
 0.0707071   0.4601653019E+001   0.1019849301E+001
 0.0808081   0.4513992202E+001   0.1025038922E+001
 0.0909091   0.4374479003E+001   0.1035125250E+001
 0.1010101   0.4208629225E+001   0.1023263972E+001
 0.1111111   0.4050002333E+001   0.1018446856E+001
 0.1212121   0.3867469302E+001   0.1032114521E+001
 0.1313131   0.3670419615E+001   0.1027169411E+001
 0.1414141   0.3464580722E+001   0.1022630240E+001
 0.1515152   0.3239167028E+001   0.1029936876E+001
 0.1616162   0.3016008512E+001   0.1024077345E+001
 0.1717172   0.2788038039E+001   0.1026018962E+001
 0.1818182   0.2556273301E+001   0.1027928144E+001
 0.1919192   0.2335997228E+001   0.1021456337E+001
 0.2020202   0.2121901356E+001   0.1027173653E+001
 0.2121212   0.1898697595E+001   0.1026022954E+001
 0.2222222   0.1695398309E+001   0.1029941367E+001
 0.2323232   0.1501385237E+001   0.1041657934E+001
 0.2424242   0.1309146409E+001   0.1040837575E+001
 0.2525253   0.1141903143E+001   0.1021533683E+001
 0.2626263   0.9872444857E+000   0.1036576846E+001
 0.2727273   0.8474402813E+000   0.1027324850E+001
 0.2828283   0.7208667254E+000   0.1024019960E+001
 0.2929293   0.6159835475E+000   0.1019854790E+001
 0.3030303   0.5202134829E+000   0.1042105289E+001
 0.3131313   0.4445202991E+000   0.1030239770E+001
 0.3232323   0.3800797416E+000   0.1027073353E+001
 0.3333333   0.3242565628E+000   0.1020550898E+001
 0.3434343   0.2800905923E+000   0.1035455090E+001
 0.3535354   0.2432082737E+000   0.1028014721E+001
 0.3636364   0.2156681040E+000   0.1034611527E+001
 0.3737374   0.1911640169E+000   0.1027613523E+001
 0.3838384   0.1718356471E+000   0.1014630988E+001
 0.3939394   0.1559218565E+000   0.1017484531E+001
 0.4040404   0.1425384735E+000   0.1015283433E+001
 0.4141414   0.1316313667E+000   0.1009839571E+001
 0.4242424   0.1218954509E+000   0.1012002495E+001
 0.4343434   0.1129463864E+000   0.9996095309E+000
 0.4444444   0.1053734149E+000   0.1008725050E+001
 0.4545455   0.9901058622E-001   0.1009848054E+001
 0.4646465   0.9297674889E-001   0.9899031936E+000
 0.4747475   0.8789573791E-001   0.9939882735E+000
 0.4848485   0.8305247663E-001   0.9908807385E+000
 0.4949495   0.7887351040E-001   0.1005969062E+001
 0.5050505   0.7470723261E-001   0.9922649701E+000
 0.5151515   0.7115693517E-001   0.9886152695E+000
 0.5252525   0.6756879270E-001   0.9840204591E+000
 0.5353535   0.6455833260E-001   0.9826245010E+000
 0.5454545   0.6198972607E-001   0.9908213573E+000
 0.5555556   0.5923799877E-001   0.9803697605E+000
 0.5656566   0.5679525742E-001   0.9875825848E+000
 0.5757576   0.5462164367E-001   0.9764146707E+000
 0.5858586   0.5289708113E-001   0.9896516966E+000
 0.5959596   0.5103646143E-001   0.9865391717E+000
 0.6060606   0.4924423574E-001   0.9815838323E+000
 0.6161616   0.4766888355E-001   0.9806372255E+000
 0.6262626   0.4606498615E-001   0.9787549900E+000
 0.6363636   0.4459930737E-001   0.9801329840E+000
 0.6464646   0.4330652621E-001   0.9790698603E+000
 0.6565657   0.4192630691E-001   0.9745531437E+000
 0.6666667   0.4077903465E-001   0.9660543912E+000
 0.6767677   0.3964898266E-001   0.9645798403E+000
 0.6868687   0.3881113598E-001   0.9755122255E+000
 0.6969697   0.3748487197E-001   0.9653313373E+000
 0.7070707   0.3712990943E-001   0.9798740020E+000
 0.7171717   0.3720293607E-001   0.9713510479E+000
 0.7272727   0.3710934208E-001   0.9718323353E+000
 0.7373737   0.3735970953E-001   0.9725159681E+000
 0.7474747   0.3738106858E-001   0.9649433633E+000
 0.7575758   0.3736968438E-001   0.9677075848E+000
 0.7676768   0.3755647858E-001   0.9822869261E+000
 0.7777778   0.3760052545E-001   0.9686369760E+000
 0.7878788   0.3779396385E-001   0.9720920659E+000
 0.7979798   0.3802909728E-001   0.9759346307E+000
 0.8080808   0.3818421071E-001   0.9659373752E+000
 0.8181818   0.3834014594E-001   0.9748303393E+000
 0.8282828   0.3860584101E-001   0.9844156687E+000
 0.8383838   0.3891971167E-001   0.9747929142E+000
 0.8484848   0.3903235136E-001   0.9774860279E+000
 0.8585859   0.3938936126E-001   0.9771250000E+000
 0.8686869   0.3966423882E-001   0.9803063872E+000
 0.8787879   0.3994323305E-001   0.9770281936E+000
 0.8888889   0.4004825459E-001   0.9744655689E+000
 0.8989899   0.4024666643E-001   0.9629807884E+000
 0.9090909   0.4075257131E-001   0.9770618762E+000
 0.9191919   0.4095283986E-001   0.9737188124E+000
 0.9292929   0.4133169090E-001   0.9745304391E+000
 0.9393939   0.4159491642E-001   0.9770207086E+000
 0.9494949   0.4205324339E-001   0.9863545409E+000
 0.9595960   0.4233745922E-001   0.9807025948E+000
 0.9696970   0.4273443358E-001   0.9797175649E+000
 0.9797980   0.4329494173E-001   0.9796986028E+000
 0.9898990   0.4331181441E-001   0.9771773952E+000
 1.0000000   0.4399212458E-001   0.9924600798E+000


 0.0000000   0.4989321556E+001   0.1057556664E+001
 0.0101010   0.4979249570E+001   0.1055278554E+001
 0.0202020   0.4960295543E+001   0.1049439565E+001
 0.0303030   0.4944760654E+001   0.1058655578E+001
 0.0404040   0.4878710465E+001   0.1042715458E+001
 0.0505051   0.4836531452E+001   0.1052371257E+001
 0.0606061   0.4751504923E+001   0.1059733200E+001
 0.0707071   0.4612266356E+001   0.1047792193E+001
 0.0808081   0.4528412606E+001   0.1054057219E+001
 0.0909091   0.4386083032E+001   0.1063854070E+001
 0.1010101   0.4216736420E+001   0.1050901752E+001
 0.1111111   0.4066650572E+001   0.1048234864E+001
 0.1212121   0.3874723929E+001   0.1059937902E+001
 0.1313131   0.3675587939E+001   0.1054367044E+001
 0.1414141   0.3470124091E+001   0.1049908849E+001
 0.1515152   0.3251089405E+001   0.1059607008E+001
 0.1616162   0.3021205618E+001   0.1051523841E+001
 0.1717172   0.2790961890E+001   0.1052808161E+001
 0.1818182   0.2559151420E+001   0.1054848525E+001
 0.1919192   0.2336317889E+001   0.1047172100E+001
 0.2020202   0.2120487328E+001   0.1052187181E+001
 0.2121212   0.1897024655E+001   0.1050782657E+001
 0.2222222   0.1694108043E+001   0.1054922377E+001
 0.2323232   0.1499768178E+001   0.1066585717E+001
 0.2424242   0.1305153424E+001   0.1063640719E+001
 0.2525253   0.1139266321E+001   0.1044689732E+001
 0.2626263   0.9838079067E+000   0.1058828787E+001
 0.2727273   0.8437694505E+000   0.1048482369E+001
 0.2828283   0.7169866795E+000   0.1044006432E+001
 0.2929293   0.6114390192E+000   0.1037674207E+001
 0.3030303   0.5163943655E+000   0.1060352185E+001
 0.3131313   0.4406806418E+000   0.1046909958E+001
 0.3232323   0.3757412124E+000   0.1040768685E+001
 0.3333333   0.3205448567E+000   0.1034125749E+001
 0.3434343   0.2765867305E+000   0.1048100022E+001
 0.3535354   0.2391592232E+000   0.1036207585E+001
 0.3636364   0.2114873116E+000   0.1039954535E+001
 0.3737374   0.1876002411E+000   0.1033702817E+001
 0.3838384   0.1681192088E+000   0.1017538479E+001
 0.3939394   0.1523653692E+000   0.1019167886E+001
 0.4040404   0.1391924561E+000   0.1016271014E+001
 0.4141414   0.1283865632E+000   0.1009604347E+001
 0.4242424   0.1187497768E+000   0.1010567975E+001
 0.4343434   0.1100775578E+000   0.9986090042E+000
 0.4444444   0.1026105166E+000   0.1006867376E+001
 0.4545455   0.9626167405E-001   0.1006390330E+001
 0.4646465   0.9022805863E-001   0.9846879574E+000
 0.4747475   0.8516527270E-001   0.9872215569E+000
 0.4848485   0.8041172377E-001   0.9833923265E+000
 0.4949495   0.7636466413E-001   0.9983539587E+000
 0.5050505   0.7217319117E-001   0.9826063429E+000
 0.5151515   0.6886449655E-001   0.9807178975E+000
 0.5252525   0.6533089829E-001   0.9752483921E+000
 0.5353535   0.6228304574E-001   0.9717258816E+000
 0.5454545   0.5980528239E-001   0.9798369927E+000
 0.5555556   0.5711748337E-001   0.9689407851E+000
 0.5656566   0.5476861066E-001   0.9761840763E+000
 0.5757576   0.5265656912E-001   0.9648520736E+000
 0.5858586   0.5094064483E-001   0.9769081836E+000
 0.5959596   0.4908207127E-001   0.9725127523E+000
 0.6060606   0.4734564650E-001   0.9673657130E+000
 0.6161616   0.4583123560E-001   0.9664371257E+000
 0.6262626   0.4420708433E-001   0.9627944112E+000
 0.6363636   0.4281243174E-001   0.9644182746E+000
 0.6464646   0.4153481862E-001   0.9625233976E+000
 0.6565657   0.4024708483E-001   0.9589412287E+000
 0.6666667   0.3910203365E-001   0.9495167443E+000
 0.6767677   0.3798773511E-001   0.9473013972E+000
 0.6868687   0.3716051091E-001   0.9574071856E+000
 0.6969697   0.3586833485E-001   0.9468261255E+000
 0.7070707   0.3548977115E-001   0.9600374806E+000
 0.7171717   0.3557122331E-001   0.9519988911E+000
 0.7272727   0.3550986657E-001   0.9532257707E+000
 0.7373737   0.3572857647E-001   0.9533395431E+000
 0.7474747   0.3576614849E-001   0.9463699268E+000
 0.7575758   0.3574801242E-001   0.9488886671E+000
 0.7676768   0.3586827447E-001   0.9616180971E+000
 0.7777778   0.3598001369E-001   0.9500951430E+000
 0.7878788   0.3615792487E-001   0.9532945221E+000
 0.7979798   0.3636541010E-001   0.9566032380E+000
 0.8080808   0.3650116247E-001   0.9464779330E+000
 0.8181818   0.3669063148E-001   0.9562448436E+000
 0.8282828   0.3688213787E-001   0.9640070969E+000
 0.8383838   0.3721130048E-001   0.9553362165E+000
 0.8484848   0.3733637117E-001   0.9584216012E+000
 0.8585859   0.3765264619E-001   0.9574262586E+000
 0.8686869   0.3789353005E-001   0.9599893546E+000
 0.8787879   0.3816206862E-001   0.9568292304E+000
 0.8888889   0.3834916590E-001   0.9564834775E+000
 0.8989899   0.3847892963E-001   0.9437334220E+000
 0.9090909   0.3891665666E-001   0.9564036372E+000
 0.9191919   0.3921260678E-001   0.9556830783E+000
 0.9292929   0.3952088070E-001   0.9551630073E+000
 0.9393939   0.3979744906E-001   0.9582027057E+000
 0.9494949   0.4021016291E-001   0.9667363052E+000
 0.9595960   0.4049183018E-001   0.9614320248E+000
 0.9696970   0.4082976851E-001   0.9594856953E+000
 0.9797980   0.4141079554E-001   0.9605225105E+000
 0.9898990   0.4148962899E-001   0.9595005544E+000
 1.0000000   0.4203408511E-001   0.9720270570E+000


 0.0000000   0.4979870225E+001   0.1045732934E+001
 0.0101010   0.4970746792E+001   0.1043675449E+001
 0.0202020   0.4957363382E+001   0.1039061477E+001
 0.0303030   0.4940679605E+001   0.1047940719E+001
 0.0404040   0.4877449468E+001   0.1032747505E+001
 0.0505051   0.4834867362E+001   0.1042221756E+001
 0.0606061   0.4744201910E+001   0.1048260279E+001
 0.0707071   0.4615416971E+001   0.1038753094E+001
 0.0808081   0.4531060169E+001   0.1044861277E+001
 0.0909091   0.4381761308E+001   0.1052917964E+001
 0.1010101   0.4215522623E+001   0.1040824950E+001
 0.1111111   0.4067939756E+001   0.1038811776E+001
 0.1212121   0.3868734306E+001   0.1048453493E+001
 0.1313131   0.3671879478E+001   0.1043503792E+001
 0.1414141   0.3466376832E+001   0.1039017764E+001
 0.1515152   0.3247100978E+001   0.1048461078E+001
 0.1616162   0.3019839990E+001   0.1041270060E+001
 0.1717172   0.2788404223E+001   0.1042057485E+001
 0.1818182   0.2558574241E+001   0.1044799002E+001
 0.1919192   0.2335290887E+001   0.1036973653E+001
 0.2020202   0.2119548357E+001   0.1041936527E+001
 0.2121212   0.1896740460E+001   0.1040850699E+001
 0.2222222   0.1693153771E+001   0.1044519162E+001
 0.2323232   0.1499837000E+001   0.1056711178E+001
 0.2424242   0.1304141073E+001   0.1052927745E+001
 0.2525253   0.1140567303E+001   0.1036152295E+001
 0.2626263   0.9845847113E+000   0.1049806188E+001
 0.2727273   0.8438968738E+000   0.1038884631E+001
 0.2828283   0.7171304020E+000   0.1034500798E+001
 0.2929293   0.6120157484E+000   0.1028989820E+001
 0.3030303   0.5173629351E+000   0.1052457485E+001
 0.3131313   0.4416067764E+000   0.1039349701E+001
 0.3232323   0.3765880118E+000   0.1033409581E+001
 0.3333333   0.3219534559E+000   0.1029006786E+001
 0.3434343   0.2775902566E+000   0.1042116367E+001
 0.3535354   0.2404524350E+000   0.1032118164E+001
 0.3636364   0.2124909659E+000   0.1035168663E+001
 0.3737374   0.1887219867E+000   0.1030209182E+001
 0.3838384   0.1693861336E+000   0.1015668463E+001
 0.3939394   0.1535947700E+000   0.1017832934E+001
 0.4040404   0.1404137590E+000   0.1015650100E+001
 0.4141414   0.1294215001E+000   0.1008274251E+001
 0.4242424   0.1199189114E+000   0.1011022954E+001
 0.4343434   0.1111030892E+000   0.9985353293E+000
 0.4444444   0.1037544484E+000   0.1008620359E+001
 0.4545455   0.9723338669E-001   0.1007091816E+001
 0.4646465   0.9119418783E-001   0.9859724551E+000
 0.4747475   0.8615898733E-001   0.9894487026E+000
 0.4848485   0.8139728408E-001   0.9861840319E+000
 0.4949495   0.7734915765E-001   0.1001816766E+001
 0.5050505   0.7307485336E-001   0.9856261477E+000
 0.5151515   0.6976752224E-001   0.9843343313E+000
 0.5252525   0.6631451348E-001   0.9807217565E+000
 0.5353535   0.6314973270E-001   0.9760814371E+000
 0.5454545   0.6072176578E-001   0.9855968064E+000
 0.5555556   0.5797839389E-001   0.9743948104E+000
 0.5656566   0.5562951904E-001   0.9823039920E+000
 0.5757576   0.5353493723E-001   0.9718205589E+000
 0.5858586   0.5169631618E-001   0.9821764471E+000
 0.5959596   0.4986816047E-001   0.9788956088E+000
 0.6060606   0.4814608925E-001   0.9745682635E+000
 0.6161616   0.4652888273E-001   0.9720201597E+000
 0.6262626   0.4487488750E-001   0.9682459082E+000
 0.6363636   0.4350480203E-001   0.9708974052E+000
 0.6464646   0.4219967717E-001   0.9688325349E+000
 0.6565657   0.4099630544E-001   0.9677047904E+000
 0.6666667   0.3978672943E-001   0.9571546906E+000
 0.6767677   0.3865189426E-001   0.9548962076E+000
 0.6868687   0.3776079335E-001   0.9638217565E+000
 0.6969697   0.3648042799E-001   0.9540245509E+000
 0.7070707   0.3611874521E-001   0.9679618762E+000
 0.7171717   0.3618854778E-001   0.9595097804E+000
 0.7272727   0.3608725444E-001   0.9597125749E+000
 0.7373737   0.3629904859E-001   0.9595502994E+000
 0.7474747   0.3640185309E-001   0.9542295409E+000
 0.7575758   0.3638042164E-001   0.9566910180E+000
 0.7676768   0.3649970122E-001   0.9694425150E+000
 0.7777778   0.3660222774E-001   0.9575333333E+000
 0.7878788   0.3675282110E-001   0.9599638723E+000
 0.7979798   0.3698409603E-001   0.9638267465E+000
 0.8080808   0.3713071914E-001   0.9538449102E+000
 0.8181818   0.3733521344E-001   0.9639914172E+000
 0.8282828   0.3751181614E-001   0.9713435130E+000
 0.8383838   0.3779779158E-001   0.9613652695E+000
 0.8484848   0.3799023406E-001   0.9661333333E+000
 0.8585859   0.3824811232E-001   0.9635193613E+000
 0.8686869   0.3854379246E-001   0.9673784431E+000
 0.8787879   0.3880092490E-001   0.9637962076E+000
 0.8888889   0.3899006246E-001   0.9634209581E+000
 0.8989899   0.3913124538E-001   0.9508031936E+000
 0.9090909   0.3954392579E-001   0.9627778443E+000
 0.9191919   0.3992413945E-001   0.9639718563E+000
 0.9292929   0.4026099982E-001   0.9639978044E+000
 0.9393939   0.4053030650E-001   0.9667688623E+000
 0.9494949   0.4094986161E-001   0.9753606786E+000
 0.9595960   0.4127454253E-001   0.9708990020E+000
 0.9696970   0.4152687453E-001   0.9667884232E+000
 0.9797980   0.4215343513E-001   0.9686514970E+000
 0.9898990   0.4221935404E-001   0.9672926148E+000
 1.0000000   0.4276708321E-001   0.9797764471E+000


