# Swap Acceptance ratios and number of Accepted and Trial Moves (per box) as a function of Lambda
 0.00500 1.00000    228016    228016
 0.01500 0.99482    226060    227237
 0.02500 0.98350    224407    228172
 0.03500 0.97198    221378    227761
 0.04500 0.95876    219933    229392
 0.05500 0.94596    217834    230279
 0.06500 0.92982    213510    229626
 0.07500 0.91488    206746    225981
 0.08500 0.89710    202265    225465
 0.09500 0.88009    200523    227844
 0.10500 0.85997    195777    227655
 0.11500 0.83767    190302    227181
 0.12500 0.81355    187561    230545
 0.13500 0.78881    180444    228755
 0.14500 0.76332    171943    225256
 0.15500 0.73243    167620    228856
 0.16500 0.70298    160494    228305
 0.17500 0.67073    154538    230402
 0.18500 0.63181    144881    229310
 0.19500 0.59633    137786    231055
 0.20500 0.55625    129169    232215
 0.21500 0.51040    119672    234466
 0.22500 0.46357    108297    233616
 0.23500 0.41734     98307    235556
 0.24500 0.36864     87299    236815
 0.25500 0.31584     76012    240669
 0.26500 0.26654     64761    242972
 0.27500 0.21705     52118    240121
 0.28500 0.17466     42244    241871
 0.29500 0.13492     33454    247951
 0.30500 0.00000         0         0
 0.31500 0.00000         0         0
 0.32500 0.00000         0         0
 0.33500 0.00000         0         0
 0.34500 0.00000         0         0
 0.35500 0.00000         0         0
 0.36500 0.00000         0         0
 0.37500 0.00000         0         0
 0.38500 0.00000         0         0
 0.39500 0.00000         0         0
 0.40500 0.00000         0         0
 0.41500 0.00000         0         0
 0.42500 0.00000         0         0
 0.43500 0.00000         0         0
 0.44500 0.00000         0         0
 0.45500 0.00000         0         0
 0.46500 0.00000         0         0
 0.47500 0.00000         0         0
 0.48500 0.00000         0         0
 0.49500 0.00000         0         0
 0.50500 0.00000         0         0
 0.51500 0.00000         0         0
 0.52500 0.00000         0         0
 0.53500 0.00000         0         0
 0.54500 0.00000         0         0
 0.55500 0.00000         0         0
 0.56500 0.00000         0         0
 0.57500 0.00000         0         0
 0.58500 0.00000         0         0
 0.59500 0.00000         0         0
 0.60500 0.00000         0         0
 0.61500 0.00000         0         0
 0.62500 0.00000         0         0
 0.63500 0.00000         0         0
 0.64500 0.00000         0         0
 0.65500 0.00000         0         0
 0.66500 0.00000         0         0
 0.67500 0.00000         0         0
 0.68500 0.00000         0         0
 0.69500 0.00000         0         0
 0.70500 0.00000         0         0
 0.71500 0.00000         0         0
 0.72500 0.00000         0         0
 0.73500 0.00000         0         0
 0.74500 0.00000         0         0
 0.75500 0.00000         0         0
 0.76500 0.00000         0         0
 0.77500 0.00000         0         0
 0.78500 0.00000         0         0
 0.79500 0.00000         0         0
 0.80500 0.00000         0         0
 0.81500 0.00000         0         0
 0.82500 0.00000         0         0
 0.83500 0.00000         0         0
 0.84500 0.00000         0         0
 0.85500 0.00000         0         0
 0.86500 0.00000         0         0
 0.87500 0.00000         0         0
 0.88500 0.00000         0         0
 0.89500 0.00000         0         0
 0.90500 0.00000         0         0
 0.91500 0.00000         0         0
 0.92500 0.00000         0         0
 0.93500 0.00000         0         0
 0.94500 0.00000         0         0
 0.95500 0.00000         0         0
 0.96500 0.00000         0         0
 0.97500 0.00000         0         0
 0.98500 0.00000         0         0
 0.99500 0.00000         0         0


 0.00500 1.00000    261432    261432
 0.01500 0.99661    261062    261951
 0.02500 0.98950    257622    260357
 0.03500 0.98211    257872    262570
 0.04500 0.97353    251339    258174
 0.05500 0.96559    252046    261027
 0.06500 0.95550    250757    262436
 0.07500 0.94501    245320    259595
 0.08500 0.93443    244946    262134
 0.09500 0.92336    243197    263382
 0.10500 0.91008    237890    261394
 0.11500 0.89591    233082    260163
 0.12500 0.88195    231627    262632
 0.13500 0.86640    226221    261105
 0.14500 0.84931    220638    259786
 0.15500 0.82947    217825    262608
 0.16500 0.81151    211421    260528
 0.17500 0.79087    206569    261191
 0.18500 0.76619    201455    262931
 0.19500 0.74285    192219    258758
 0.20500 0.71680    186727    260500
 0.21500 0.68723    178564    259833
 0.22500 0.65852    171671    260694
 0.23500 0.62519    165437    264619
 0.24500 0.58903    155611    264181
 0.25500 0.54821    142342    259649
 0.26500 0.50923    134008    263157
 0.27500 0.46711    121844    260847
 0.28500 0.42292    109619    259193
 0.29500 0.37433     96443    257644
 0.30500 0.00000         0         0
 0.31500 0.00000         0         0
 0.32500 0.00000         0         0
 0.33500 0.00000         0         0
 0.34500 0.00000         0         0
 0.35500 0.00000         0         0
 0.36500 0.00000         0         0
 0.37500 0.00000         0         0
 0.38500 0.00000         0         0
 0.39500 0.00000         0         0
 0.40500 0.00000         0         0
 0.41500 0.00000         0         0
 0.42500 0.00000         0         0
 0.43500 0.00000         0         0
 0.44500 0.00000         0         0
 0.45500 0.00000         0         0
 0.46500 0.00000         0         0
 0.47500 0.00000         0         0
 0.48500 0.00000         0         0
 0.49500 0.00000         0         0
 0.50500 0.00000         0         0
 0.51500 0.00000         0         0
 0.52500 0.00000         0         0
 0.53500 0.00000         0         0
 0.54500 0.00000         0         0
 0.55500 0.00000         0         0
 0.56500 0.00000         0         0
 0.57500 0.00000         0         0
 0.58500 0.00000         0         0
 0.59500 0.00000         0         0
 0.60500 0.00000         0         0
 0.61500 0.00000         0         0
 0.62500 0.00000         0         0
 0.63500 0.00000         0         0
 0.64500 0.00000         0         0
 0.65500 0.00000         0         0
 0.66500 0.00000         0         0
 0.67500 0.00000         0         0
 0.68500 0.00000         0         0
 0.69500 0.00000         0         0
 0.70500 0.00000         0         0
 0.71500 0.00000         0         0
 0.72500 0.00000         0         0
 0.73500 0.00000         0         0
 0.74500 0.00000         0         0
 0.75500 0.00000         0         0
 0.76500 0.00000         0         0
 0.77500 0.00000         0         0
 0.78500 0.00000         0         0
 0.79500 0.00000         0         0
 0.80500 0.00000         0         0
 0.81500 0.00000         0         0
 0.82500 0.00000         0         0
 0.83500 0.00000         0         0
 0.84500 0.00000         0         0
 0.85500 0.00000         0         0
 0.86500 0.00000         0         0
 0.87500 0.00000         0         0
 0.88500 0.00000         0         0
 0.89500 0.00000         0         0
 0.90500 0.00000         0         0
 0.91500 0.00000         0         0
 0.92500 0.00000         0         0
 0.93500 0.00000         0         0
 0.94500 0.00000         0         0
 0.95500 0.00000         0         0
 0.96500 0.00000         0         0
 0.97500 0.00000         0         0
 0.98500 0.00000         0         0
 0.99500 0.00000         0         0


