# Time-averaged data for fix PressAve
# TimeStep c_P
10000 115.662
20000 -97.0043
30000 -42.0014
40000 24.5459
50000 43.5692
60000 20.2206
70000 -9.51826
80000 114.75
90000 -67.8241
100000 189.916
110000 156.067
120000 -64.1812
130000 -34.0675
140000 60.8295
150000 137.516
160000 98.6235
170000 74.1783
180000 -162.401
190000 -61.2443
200000 84.8939
210000 178.315
220000 43.7152
230000 -57.1117
240000 16.2241
250000 -95.7415
260000 41.6284
270000 -43.3071
280000 102.42
290000 58.9196
300000 131.885
310000 251.448
320000 69.2941
330000 222.692
340000 130.266
350000 43.8115
360000 63.7528
370000 172.668
380000 31.1298
390000 99.4233
400000 86.4506
410000 79.5401
420000 169.722
430000 40.8421
440000 -30.1373
450000 -114.506
460000 -10.1407
470000 134.846
480000 161.956
490000 172.482
500000 194.246
510000 107.888
520000 6.78244
530000 -1.50852
540000 229.014
550000 178.989
560000 91.9873
570000 73.0108
580000 33.8669
590000 43.4478
600000 108.537
610000 186.365
620000 -28.0401
630000 34.7136
640000 80.613
650000 65.0844
660000 25.4153
670000 54.627
680000 137.032
690000 -2.90286
700000 80.1014
710000 31.1585
720000 17.2631
730000 156.027
740000 -75.5117
750000 -96.9854
760000 -141.756
770000 -101.234
780000 77.3954
790000 32.1201
800000 -180.058
810000 27.3196
820000 95.2182
830000 238.692
840000 234.784
850000 55.2181
860000 62.146
870000 60.149
880000 47.1094
890000 50.6853
900000 -29.9333
910000 -179.186
920000 21.2603
930000 71.5396
940000 -63.9298
950000 70.3685
960000 -83.4914
970000 73.9818
980000 52.9648
990000 16.2148
1000000 -83.5405
1010000 11.1553
1020000 78.9485
1030000 38.8896
1040000 -72.4291
1050000 170.176
1060000 161.612
1070000 131.284
1080000 -32.7132
1090000 51.1634
1100000 68.9451
1110000 -42.4747
1120000 -81.9186
1130000 224.006
1140000 73.8703
1150000 150.708
1160000 -292.145
1170000 -6.92501
1180000 -39.1825
1190000 54.0739
1200000 -51.5656
1210000 36.9419
1220000 125.625
1230000 72.6459
1240000 -83.2258
1250000 114.396
1260000 241.396
1270000 116.579
1280000 165.957
1290000 -43.3616
1300000 121.376
1310000 36.4823
1320000 -128.224
1330000 -44.9127
1340000 -73.695
1350000 -7.45155
1360000 -55.9416
1370000 72.409
1380000 188.63
1390000 -178.272
1400000 -71.8849
1410000 54.4175
1420000 69.7353
1430000 -71.7226
1440000 82.5428
1450000 190.894
1460000 59.2553
1470000 -59.4358
1480000 86.835
1490000 70.8562
1500000 162.339
1510000 109.773
1520000 -8.46223
1530000 -51.2398
1540000 167.322
1550000 68.6366
1560000 -2.10159
1570000 201.945
1580000 18.4754
1590000 42.2451
1600000 26.7015
1610000 -75.827
1620000 19.8444
1630000 -20.7327
1640000 126.077
1650000 39.0271
1660000 157.503
1670000 -138.326
1680000 -186.308
1690000 31.6293
1700000 110.98
1710000 109.398
1720000 20.873
1730000 17.5829
1740000 -45.0219
1750000 88.3349
1760000 -79.1906
1770000 -56.7414
1780000 -35.4023
1790000 -89.0246
1800000 64.6264
1810000 149.884
1820000 178.769
1830000 -24.0196
1840000 120.84
1850000 206.269
1860000 -54.1262
1870000 -149.452
1880000 -38.2614
1890000 -16.7069
1900000 40.5583
1910000 103.413
1920000 179.381
1930000 145.13
1940000 135.969
1950000 21.71
1960000 -3.35854
1970000 100.662
1980000 32.1312
1990000 24.0408
2000000 44.4503
2010000 -10.2878
2020000 -20.9202
2030000 6.91222
2040000 36.1965
2050000 95.0638
2060000 -7.66789
2070000 -95.1461
2080000 51.2214
2090000 131.591
2100000 211.85
2110000 237.143
2120000 -124.357
2130000 130.206
2140000 96.1691
2150000 154.224
2160000 53.0121
2170000 -24.5331
2180000 32.7155
2190000 63.0263
2200000 -135.307
2210000 -131.832
2220000 -5.09464
2230000 1.01526
2240000 -53.2418
2250000 120.172
2260000 -60.9096
2270000 -77.2811
2280000 84.6278
2290000 -52.1585
2300000 129.781
2310000 121.423
2320000 130.588
2330000 -132.902
2340000 32.6777
2350000 272.809
2360000 -2.61079
2370000 -146.786
2380000 283.73
2390000 -77.701
2400000 145.4
2410000 131.157
2420000 10.5536
2430000 -85.1333
2440000 85.9578
2450000 9.83188
2460000 9.72702
2470000 -54.5792
2480000 100.662
2490000 66.2105
2500000 68.677
2510000 -58.6268
2520000 55.7146
2530000 -39.6455
2540000 -84.9592
2550000 -18.5676
2560000 -222.647
2570000 -36.3987
2580000 -35.0627
2590000 -46.9308
2600000 -65.3815
2610000 110.729
2620000 -28.1808
2630000 36.4861
2640000 -43.5739
2650000 4.04749
2660000 -4.73861
2670000 7.66068
2680000 -108.651
2690000 -31.3531
2700000 188.635
2710000 213.932
2720000 42.4841
2730000 212.224
2740000 76.0349
2750000 -23.0716
2760000 157.909
2770000 90.9879
2780000 140.936
2790000 135.921
2800000 -47.8518
2810000 32.547
2820000 52.0422
2830000 -112.59
2840000 -38.1322
2850000 52.6686
2860000 25.3134
2870000 121.1
2880000 203.292
2890000 242.789
2900000 126.409
2910000 211.316
2920000 -46.7429
2930000 -154.301
2940000 43.8064
2950000 -141.432
2960000 11.3782
2970000 94.0754
2980000 56.6532
2990000 53.7625
3000000 47.9238
3010000 -145.977
3020000 -117.316
3030000 197.264
3040000 -18.6501
3050000 1.55016
3060000 62.3785
3070000 136.96
3080000 24.5365
3090000 -208.229
3100000 86.2914
3110000 67.0657
3120000 17.0891
3130000 -30.0285
3140000 19.954
3150000 98.0922
3160000 -76.8771
3170000 -55.7513
3180000 0.120436
3190000 37.8606
3200000 185.449
3210000 126.017
3220000 85.227
3230000 124.719
3240000 63.9947
3250000 21.5712
3260000 72.9395
3270000 127.518
3280000 164.443
3290000 43.7729
3300000 124.532
3310000 302.966
3320000 80.0193
3330000 207.253
3340000 -0.999717
3350000 23.6688
3360000 -45.7715
3370000 161.171
3380000 222.871
3390000 198.317
3400000 198.273
3410000 6.10323
3420000 -142.792
3430000 84.0937
3440000 66.207
3450000 -85.4959
3460000 -178.376
3470000 140.779
3480000 159.37
3490000 40.314
3500000 -72.0975
3510000 -10.4901
3520000 92.4998
3530000 205.331
3540000 263.506
3550000 226.549
3560000 92.283
3570000 13.9704
3580000 -64.3134
3590000 228.217
3600000 181.926
3610000 81.0184
3620000 33.3511
3630000 163.854
3640000 37.934
3650000 125.108
3660000 -173.597
3670000 92.3485
3680000 234.3
3690000 43.7765
3700000 64.5539
3710000 224.588
3720000 157.993
3730000 85.6901
3740000 41.7285
3750000 80.5018
3760000 -61.1166
3770000 48.9337
3780000 103.096
3790000 7.57312
3800000 257.337
3810000 -42.6147
3820000 182.618
3830000 42.3285
3840000 -20.4332
3850000 26.9999
3860000 -141.898
3870000 14.6921
3880000 65.6897
3890000 115.312
3900000 49.5404
3910000 -69.4336
3920000 -148.096
3930000 166.419
3940000 40.1275
3950000 166.412
3960000 -29.0712
3970000 -74.7691
3980000 45.8089
3990000 77.1886
4000000 29.7643
4010000 -69.9304
4020000 64.5379
4030000 -45.3205
4040000 -188.358
4050000 19.8919
4060000 34.1687
4070000 350.416
4080000 32.5462
4090000 153.677
4100000 206.65
4110000 -7.61927
4120000 -91.5187
4130000 13.9032
4140000 -22.6371
4150000 -46.7473
4160000 -189.251
4170000 -17.3751
4180000 66.1883
4190000 5.48485
4200000 131.781
4210000 -82.695
4220000 -42.1586
4230000 53.9006
4240000 161.398
4250000 65.2654
4260000 24.9224
4270000 24.3867
4280000 90.6008
4290000 -84.5486
4300000 -65.2152
4310000 -169.518
4320000 14.9105
4330000 20.0439
4340000 158.845
4350000 33.6963
4360000 -8.20809
4370000 -23.7096
4380000 -41.7975
4390000 19.3421
4400000 23.393
4410000 -245.925
4420000 -22.2584
4430000 151.039
4440000 66.1335
4450000 116.072
4460000 -106.551
4470000 -123.905
4480000 -37.8752
4490000 72.2367
4500000 7.41238
4510000 -68.9341
4520000 183.556
4530000 10.2499
4540000 -81.2389
4550000 49.1445
4560000 2.59283
4570000 313.027
4580000 289.386
4590000 210.223
4600000 44.012
4610000 -29.2345
4620000 9.59463
4630000 -14.6826
4640000 -69.2831
4650000 16.5269
4660000 50.0407
4670000 121.004
4680000 102.449
4690000 -0.147735
4700000 99.3304
4710000 20.0426
4720000 31.4601
4730000 -173.729
4740000 68.6408
4750000 29.11
4760000 -46.7382
4770000 -23.7592
4780000 -6.17343
4790000 93.9542
4800000 -85.9403
4810000 72.3779
4820000 157.622
4830000 91.3571
4840000 -19.8068
4850000 5.28437
4860000 67.8396
4870000 3.42356
4880000 187.445
4890000 64.2204
4900000 142.039
4910000 -69.6148
4920000 210.099
4930000 29.6491
4940000 84.6156
4950000 117.862
4960000 126.323
4970000 105.709
4980000 -225.72
4990000 -48.8907
5000000 -16.6656
5010000 -10.2195
5020000 14.4169
5030000 -69.3975
5040000 -22.0318
5050000 126.513
5060000 22.3246
5070000 117.136
5080000 -131.842
5090000 220.34
5100000 151.352
5110000 222.369
5120000 245.452
5130000 57.312
5140000 83.1147
5150000 79.3673
5160000 -150.003
5170000 143.944
5180000 -60.7354
5190000 -105.567
5200000 191.338
5210000 94.5573
5220000 76.0663
5230000 123.272
5240000 -29.5555
5250000 120.245
5260000 -22.475
5270000 -77.0977
5280000 154.803
5290000 -21.6552
5300000 153.963
5310000 233.739
5320000 18.0856
5330000 -17.2819
5340000 -77.1557
5350000 -88.8571
5360000 -38.4912
5370000 10.558
5380000 -34.3291
5390000 -64.373
5400000 151.694
5410000 -147.78
5420000 16.0815
5430000 -57.5437
5440000 -37.0511
5450000 -173.592
5460000 120.893
5470000 55.1778
5480000 109.238
5490000 87.022
5500000 -65.0782
5510000 -104.817
5520000 -47.9105
5530000 98.0093
5540000 -57.0098
5550000 36.6201
5560000 49.4078
5570000 -99.6916
5580000 -96.9907
5590000 -128.753
5600000 -52.8831
5610000 179.278
5620000 149.726
5630000 -80.4981
5640000 42.5671
5650000 38.8415
5660000 7.63145
5670000 83.5499
5680000 216.311
5690000 -7.05865
5700000 -62.1118
5710000 231.055
5720000 46.859
5730000 85.3241
5740000 191.713
5750000 297.46
5760000 -3.93803
5770000 2.5663
5780000 126.368
5790000 104.495
5800000 92.1385
5810000 75.4719
5820000 1.80533
5830000 -130.808
5840000 20.5898
5850000 5.17602
5860000 -54.5122
5870000 -38.5322
5880000 -26.8018
5890000 -16.206
5900000 185.828
5910000 -174.262
5920000 171.534
5930000 -111.04
5940000 17.3259
5950000 -76.0945
5960000 174.384
5970000 -5.9653
5980000 48.6457
5990000 -58.5206
6000000 85.7318
6010000 42.3772
6020000 32.2981
6030000 199.753
6040000 -64.0849
6050000 -37.2261
6060000 105.456
6070000 15.3374
6080000 63.261
6090000 104.249
6100000 -18.748
6110000 7.5208
6120000 62.2958
6130000 201.542
6140000 -45.1502
6150000 -23.9841
6160000 77.8279
6170000 102.508
6180000 3.51885
6190000 -15.7489
6200000 197.304
6210000 -12.1183
6220000 40.1317
6230000 45.6057
6240000 -207.538
6250000 101.078
6260000 6.73443
6270000 -36.4812
6280000 23.3939
6290000 149.024
6300000 -6.60358
6310000 131.483
6320000 32.5895
6330000 148.084
6340000 178.227
6350000 154.734
6360000 -125.026
6370000 -160.71
6380000 -57.7181
6390000 59.5037
6400000 -4.37117
6410000 226.385
6420000 9.54324
6430000 -34.7019
6440000 19.3339
6450000 -41.0695
6460000 -84.9151
6470000 -63.1666
6480000 -133.827
6490000 -71.0764
6500000 -62.504
6510000 -123.983
6520000 61.0084
6530000 44.2122
6540000 -26.5481
6550000 -56.6465
6560000 143.892
6570000 -139.68
6580000 7.99135
6590000 87.6511
6600000 253.235
6610000 99.0758
6620000 -44.2649
6630000 -82.0598
6640000 93.4912
6650000 17.4631
6660000 -109.001
6670000 101.197
6680000 -26.2573
6690000 -68.697
6700000 30.6673
6710000 -55.207
6720000 61.6552
6730000 260.085
6740000 62.0416
6750000 -73.2071
6760000 117.027
6770000 -48.8674
6780000 87.8316
6790000 185.123
6800000 202.885
6810000 217.095
6820000 10.1737
6830000 126.75
6840000 69.2646
6850000 150.022
6860000 -110.761
6870000 -44.735
6880000 -245.626
6890000 152.993
6900000 121.706
6910000 137.918
6920000 179.646
6930000 22.8432
6940000 0.203237
6950000 -62.7362
6960000 38.3163
6970000 18.8952
6980000 110.518
6990000 -3.51293
7000000 -88.2758
7010000 -104.138
7020000 136.014
7030000 25.6998
7040000 59.7898
7050000 -16.8257
7060000 148.661
7070000 105.89
7080000 64.6225
7090000 129.139
7100000 35.5334
7110000 83.226
7120000 31.5174
7130000 63.4548
7140000 45.5061
7150000 57.1581
7160000 59.2613
7170000 98.3997
7180000 -234.978
7190000 -21.667
7200000 -38.2491
7210000 -200.815
7220000 147.083
7230000 -8.30148
7240000 -58.4358
7250000 242.644
7260000 -117.4
7270000 266.943
7280000 48.7528
7290000 135.794
7300000 243.759
7310000 -17.5946
7320000 -85.2894
7330000 -176.778
7340000 13.9949
7350000 216.61
7360000 118.182
7370000 -249.093
7380000 19.5581
7390000 -185.262
7400000 101.416
7410000 153.248
7420000 -29.5047
7430000 243.75
7440000 96.8592
7450000 5.72815
7460000 81.6584
7470000 90.3208
7480000 -50.9674
7490000 3.42935
7500000 -55.9224
7510000 -111.636
7520000 -184.953
7530000 -118.633
7540000 213.07
7550000 68.7077
7560000 48.4539
7570000 78.3139
7580000 -28.1171
7590000 -3.68628
7600000 42.3281
7610000 -101.072
7620000 136.497
7630000 61.8245
7640000 241.572
7650000 131.542
7660000 132.729
7670000 190.687
7680000 235.338
7690000 -74.5503
7700000 105.412
7710000 -92.4451
7720000 110.413
7730000 95.7634
7740000 -119.155
7750000 -113.279
7760000 -101.753
7770000 -98.8465
7780000 -48.4321
7790000 87.7294
7800000 16.1019
7810000 228.723
7820000 213.587
7830000 183.619
7840000 183.945
7850000 -173.843
7860000 121.677
7870000 120.35
7880000 11.6024
7890000 224.347
7900000 156.463
7910000 7.533
7920000 56.8878
7930000 -16.1825
7940000 22.5142
7950000 -47.6394
7960000 115.545
7970000 31.0954
7980000 10.1561
7990000 111.319
8000000 -125.472
8010000 9.27474
8020000 4.84097
8030000 53.4494
8040000 -38.0289
8050000 -34.1857
8060000 -30.6681
8070000 7.52772
8080000 101.68
8090000 11.9684
8100000 18.7806
8110000 -132.531
8120000 40.8241
8130000 51.3277
8140000 70.0472
8150000 69.4572
8160000 -3.71141
8170000 130.731
8180000 66.3788
8190000 217.599
8200000 216.066
8210000 241.224
8220000 188.998
8230000 -59.7155
8240000 101.802
8250000 61.9357
8260000 216.881
8270000 40.3052
8280000 73.2207
8290000 -113.708
8300000 -29.0432
8310000 -66.6738
8320000 -82.2902
8330000 147.326
8340000 165.262
8350000 50.4546
8360000 176.399
8370000 -15.0785
8380000 142.781
8390000 163.104
8400000 227.666
8410000 44.0777
8420000 115.263
8430000 63.3256
8440000 83.7625
8450000 -9.09552
8460000 21.8281
8470000 8.03818
8480000 -118.462
8490000 -45.5505
8500000 65.7801
8510000 107.847
8520000 126.49
8530000 -84.4592
8540000 39.6929
8550000 59.3611
8560000 92.4653
8570000 20.2752
8580000 -62.4393
8590000 -129.911
8600000 -50.7096
8610000 163.699
8620000 32.1781
8630000 -46.4235
8640000 -104.521
8650000 -50.5898
8660000 41.879
8670000 2.45911
8680000 41.4583
8690000 104.197
8700000 108.122
8710000 -15.4136
8720000 33.4815
8730000 -18.4363
8740000 164.706
8750000 51.9398
8760000 -228.313
8770000 138.157
8780000 156.654
8790000 115.102
8800000 133.386
8810000 6.94141
8820000 242.204
8830000 106.032
8840000 257.185
8850000 -60.5369
8860000 14.5465
8870000 204.773
8880000 57.8261
8890000 26.9445
8900000 103.573
8910000 48.629
8920000 17.1992
8930000 172.79
8940000 -227.294
8950000 210.802
8960000 113.384
8970000 12.5083
8980000 -98.8025
8990000 80.5318
9000000 69.0518
9010000 68.4811
9020000 171.904
9030000 124.73
9040000 99.1214
9050000 85.3598
9060000 -7.71516
9070000 -39.4949
9080000 -4.2778
9090000 89.6688
9100000 -65.1625
9110000 -45.8715
9120000 -62.332
9130000 -59.0763
9140000 125.594
9150000 -101.675
9160000 168.934
9170000 129.65
9180000 125.272
9190000 150.038
9200000 159.224
9210000 3.516
9220000 117.451
9230000 147.128
9240000 58.357
9250000 5.56186
9260000 6.0955
9270000 -87.5578
9280000 -122.345
9290000 102.478
9300000 12.0462
9310000 -65.5952
9320000 -85.3236
9330000 29.4398
9340000 -105.039
9350000 -127.677
9360000 79.8318
9370000 80.0434
9380000 68.5656
9390000 34.3788
9400000 -176.148
9410000 -29.6467
9420000 -32.4329
9430000 25.7045
9440000 51.2525
9450000 -54.2803
9460000 -22.0478
9470000 227.726
9480000 19.3844
9490000 89.7515
9500000 205.901
9510000 130.134
9520000 81.8027
9530000 55.5292
9540000 96.6979
9550000 -113.587
9560000 26.9595
9570000 164.41
9580000 122.573
9590000 -60.0724
9600000 161.761
9610000 3.36673
9620000 179.756
9630000 125.097
9640000 23.3476
9650000 101.842
9660000 -97.4193
9670000 62.9103
9680000 149.386
9690000 100.116
9700000 72.2178
9710000 39.9207
9720000 -58.135
9730000 -63.2726
9740000 189.764
9750000 -108.098
9760000 88.0058
9770000 158.14
9780000 -113.466
9790000 -17.8638
9800000 65.528
9810000 4.33979
9820000 -81.8028
9830000 33.6998
9840000 -67.1486
9850000 124.65
9860000 32.0299
9870000 -43.3507
9880000 9.63066
9890000 75.5711
9900000 48.8235
9910000 156.921
9920000 -28.7708
9930000 10.604
9940000 91.0249
9950000 -90.6886
9960000 99.8787
9970000 198.892
9980000 166.486
9990000 121.789
10000000 43.1919
10010000 2.88718
10020000 2.9457
10030000 -133.675
10040000 -44.6941
10050000 192.947
10060000 -31.5561
10070000 -90.0806
10080000 86.9284
10090000 113.722
10100000 0.504748
10110000 98.61
10120000 48.8312
10130000 103.727
10140000 251.055
10150000 186.435
10160000 -5.90973
10170000 157.436
10180000 113.276
10190000 -115.897
10200000 -86.5702
10210000 -76.04
10220000 140.33
10230000 209.89
10240000 -30.5214
10250000 86.7183
10260000 84.8286
10270000 -51.4763
10280000 -117.532
10290000 -107.734
10300000 -85.308
10310000 4.46656
10320000 -141.966
10330000 -50.2011
10340000 25.3905
10350000 -29.623
10360000 64.7522
10370000 187.554
10380000 85.8478
10390000 -92.8169
10400000 -73.7603
10410000 130.87
10420000 10.6016
10430000 39.0267
10440000 34.5461
10450000 22.3223
10460000 154.072
10470000 -146.234
10480000 114.801
10490000 -143.43
10500000 60.4058
10510000 -14.4851
10520000 20.4864
10530000 -61.386
10540000 83.8129
10550000 -6.86983
10560000 20.3001
10570000 29.3599
10580000 -57.1306
10590000 -23.8156
10600000 32.5293
10610000 -74.9881
10620000 -51.5413
10630000 -83.7788
10640000 -229.057
10650000 -4.52958
10660000 -74.7162
10670000 102.665
10680000 180.899
10690000 -8.6308
10700000 52.3628
10710000 19.4362
10720000 70.1179
10730000 -14.4019
10740000 8.71532
10750000 -130.911
10760000 89.5035
10770000 64.0172
10780000 75.96
10790000 177.595
10800000 -81.9617
10810000 91.1882
10820000 155.966
10830000 -51.8586
10840000 -43.3351
10850000 25.186
10860000 -16.5555
10870000 22.0448
10880000 101.287
10890000 -30.327
10900000 84.1262
10910000 120.071
10920000 10.2277
10930000 -23.1693
10940000 -75.5554
10950000 68.5375
10960000 85.5963
10970000 104.336
10980000 131.507
10990000 -42.7016
11000000 202.506
11010000 194.997
11020000 107.304
11030000 -14.6127
11040000 45.4262
11050000 51.2715
11060000 77.448
11070000 21.1848
11080000 147.993
11090000 174.599
11100000 -8.96751
11110000 -5.37254
11120000 32.894
11130000 -148.682
11140000 11.817
11150000 -32.6422
11160000 22.4266
11170000 -76.4838
11180000 98.2888
11190000 -42.3911
11200000 -9.89014
11210000 16.501
11220000 63.8909
11230000 24.4252
11240000 166.468
11250000 116.283
11260000 69.9799
11270000 34.3934
11280000 93.1315
11290000 5.8137
11300000 45.2486
11310000 116.145
11320000 89.0622
11330000 13.4634
11340000 22.6934
11350000 -33.5966
11360000 91.056
11370000 199.009
11380000 161.457
11390000 102.503
11400000 21.7097
11410000 79.7212
11420000 152.212
11430000 -51.1191
11440000 202.161
11450000 172.339
11460000 29.6514
11470000 173.807
11480000 114.719
11490000 47.5375
11500000 195.161
11510000 42.6513
11520000 193.006
11530000 -26.7365
11540000 103.047
11550000 -32.9729
11560000 -16.2037
11570000 223.193
11580000 267.614
11590000 87.9059
11600000 -61.7842
11610000 177.643
11620000 170.398
11630000 -132.462
11640000 -8.07496
11650000 -31.7288
11660000 13.9924
11670000 -0.744574
11680000 34.737
11690000 215.684
11700000 -135.548
11710000 181.622
11720000 -18.8965
11730000 -21.5994
11740000 -217.644
11750000 -101.896
11760000 -85.2995
11770000 64.9274
11780000 169.144
11790000 -11.0374
11800000 -72.9247
11810000 -164.841
11820000 -22.681
11830000 64.6006
11840000 -103.395
11850000 -8.90408
11860000 -42.183
11870000 40.6227
11880000 83.2047
11890000 -91.8628
11900000 22.8074
11910000 106.537
11920000 -175.718
11930000 14.4298
11940000 200.905
11950000 180.752
11960000 82.6994
11970000 15.7005
11980000 96.9852
11990000 -150.804
12000000 56.2991
12010000 -112.322
12020000 -105.317
12030000 288.829
12040000 197.569
12050000 104.556
12060000 -61.1859
12070000 210.137
12080000 10.8876
12090000 156.274
12100000 -70.3103
12110000 -22.4241
12120000 305.088
12130000 149.627
12140000 -131.424
12150000 76.822
12160000 59.7202
12170000 52.7062
12180000 71.4007
12190000 139.671
12200000 66.2875
12210000 240.609
12220000 83.8912
12230000 -57.4253
12240000 -45.8697
12250000 21.9919
12260000 21.0025
12270000 -75.9734
12280000 -7.39961
12290000 259.771
12300000 -63.115
12310000 -30.4608
12320000 -41.8577
12330000 -34.6948
12340000 269.692
12350000 -12.7554
12360000 97.7813
12370000 132.615
12380000 -10.8277
12390000 -12.9284
12400000 -32.1328
12410000 -46.3908
12420000 123.282
12430000 98.0234
12440000 -37.293
12450000 -144.711
12460000 -83.7331
12470000 251.532
12480000 97.2088
12490000 -14.6005
12500000 107.474
12510000 32.7302
12520000 18.9234
12530000 -21.8038
12540000 113.435
12550000 -38.0646
12560000 -12.2282
12570000 23.7776
12580000 -67.1068
12590000 172.155
12600000 -19.7406
12610000 101.366
12620000 167.088
12630000 85.3365
12640000 77.0694
12650000 -14.7486
12660000 222.303
12670000 0.694963
12680000 -45.8427
12690000 -107.109
12700000 3.56138
12710000 -81.3513
12720000 -44.9375
12730000 -50.1115
12740000 105.486
12750000 90.3849
12760000 135.744
12770000 191.563
12780000 13.3212
12790000 -120.115
12800000 -37.4181
12810000 174.863
12820000 191.554
12830000 -114.666
12840000 -14.7572
12850000 -167.429
12860000 -101.58
12870000 -133.021
12880000 -93.3505
12890000 154.415
12900000 -1.74865
12910000 48.4421
12920000 -31.5062
12930000 -94.5307
12940000 112.698
12950000 114.69
12960000 27.0421
12970000 13.145
12980000 37.0448
12990000 -70.6985
13000000 -52.3255
13010000 104.722
13020000 -4.561
13030000 18.7117
13040000 136.273
13050000 -72.3218
13060000 -60.3039
13070000 -70.3587
13080000 -50.0034
13090000 107.874
13100000 76.336
13110000 -63.3994
13120000 -15.267
13130000 191.203
13140000 98.0877
13150000 13.4321
13160000 -23.4849
13170000 126.975
13180000 -13.0395
13190000 125.722
13200000 -94.3474
13210000 -81.4273
13220000 -108.437
13230000 162.779
13240000 167.271
13250000 102.434
13260000 18.6549
13270000 -81.3605
13280000 0.0553379
13290000 -12.048
13300000 -95.7739
13310000 221.414
13320000 84.3825
13330000 257.042
13340000 -180.27
13350000 -38.7283
13360000 66.0144
13370000 48.4722
13380000 79.099
13390000 117.317
13400000 246.308
13410000 -28.9702
13420000 -10.9906
13430000 13.4682
13440000 -58.9744
13450000 -17.4517
13460000 74.6691
13470000 134.257
13480000 1.13354
13490000 -41.9875
13500000 -141.374
13510000 -32.1187
13520000 -3.90038
13530000 119.834
13540000 -40.678
13550000 -57.6362
13560000 121.511
13570000 -1.67728
13580000 130.916
13590000 38.3016
13600000 -15.0295
13610000 87.7201
13620000 96.8651
13630000 76.0359
13640000 81.9295
13650000 293.676
13660000 53.6659
13670000 87.0739
13680000 79.812
13690000 161.127
13700000 12.1083
13710000 17.3355
13720000 -97.6609
13730000 77.4394
13740000 36.1264
13750000 28.7882
13760000 -82.2728
13770000 -46.5872
13780000 -89.6504
13790000 155.875
13800000 48.0702
13810000 168.931
13820000 74.8929
13830000 -90.5215
13840000 -80.4846
13850000 131.382
13860000 101.161
13870000 200.435
13880000 57.0678
13890000 -24.9846
13900000 -59.2322
13910000 -28.028
13920000 -80.5029
13930000 0.43946
13940000 72.3466
13950000 -224.761
13960000 -171.862
13970000 3.81552
13980000 111.165
13990000 -50.3861
14000000 -102.886
14010000 -150.978
14020000 11.7684
14030000 219.127
14040000 -125.271
14050000 95.1122
14060000 242.874
14070000 -71.3416
14080000 33.2168
14090000 36.267
14100000 -36.7942
14110000 -4.27831
14120000 -0.455844
14130000 -150.266
14140000 -177.642
14150000 5.99291
14160000 -64.0124
14170000 75.4519
14180000 -19.0766
14190000 -68.1948
14200000 110.094
14210000 -6.7413
14220000 168.704
14230000 -85.5689
14240000 -145.316
14250000 -119.724
14260000 -109.396
14270000 2.70192
14280000 85.5559
14290000 -4.25358
14300000 106.257
14310000 60.993
14320000 -117.013
14330000 -24.2496
14340000 26.7507
14350000 7.24052
14360000 154.373
14370000 -119.242
14380000 26.9737
14390000 -142.552
14400000 -26.4067
14410000 142.421
14420000 -3.98582
14430000 -23.9921
14440000 0.978963
14450000 153.017
14460000 -27.6942
14470000 99.0025
14480000 162.163
14490000 97.1238
14500000 -106.016
14510000 14.8048
14520000 218.036
14530000 -108.129
14540000 110.091
14550000 107.038
14560000 -26.2224
14570000 115.743
14580000 307
14590000 -12.6036
14600000 -27.5015
14610000 173.908
14620000 -54.8536
14630000 179.933
14640000 123.36
14650000 65.884
14660000 51.5813
14670000 73.7937
14680000 37.5678
14690000 31.0084
14700000 86.7691
14710000 -81.6642
14720000 98.742
14730000 0.96682
14740000 82.1608
14750000 -7.79219
14760000 196.49
14770000 171.031
14780000 63.921
14790000 107.755
14800000 82.0684
14810000 -85.9977
14820000 -132.288
14830000 63.4776
14840000 -75.8018
14850000 -36.8979
14860000 73.2241
14870000 115.483
14880000 136.209
14890000 167.87
14900000 116.592
14910000 -82.2147
14920000 15.1762
14930000 -7.95879
14940000 127.088
14950000 74.1977
14960000 53.1279
14970000 41.1902
14980000 -38.2999
14990000 -159.963
15000000 80.5826
15010000 47.4489
15020000 181.836
15030000 9.64586
15040000 69.8329
15050000 52.1813
15060000 19.9911
15070000 -147.168
15080000 -46.0909
15090000 -23.887
15100000 125.334
15110000 108.82
15120000 -7.02107
15130000 119.043
15140000 -24.3488
15150000 -1.28513
15160000 -103.208
15170000 -60.4268
15180000 165.842
15190000 56.8125
15200000 28.4764
15210000 24.1081
15220000 139.872
15230000 151.267
15240000 98.3495
15250000 113.684
15260000 37.3324
15270000 -76.8738
15280000 29.6746
15290000 -101.594
15300000 -245.855
15310000 -158.161
15320000 6.29926
15330000 -7.84212
15340000 -67.2167
15350000 40.5542
15360000 21.0421
15370000 -26.0929
15380000 -24.0577
15390000 -10.2994
15400000 114.951
15410000 87.8005
15420000 92.2333
15430000 -110.182
15440000 10.9676
15450000 -160.486
15460000 125.279
15470000 -204.576
15480000 -200.281
15490000 -81.8586
15500000 -13.715
15510000 -202.392
15520000 96.8371
15530000 225.419
15540000 -149.515
15550000 47.2928
15560000 -194.907
15570000 -88.6959
15580000 36.5147
15590000 180.891
15600000 72.6763
15610000 -72.9728
15620000 62.5559
15630000 172.935
15640000 8.25807
15650000 -29.6534
15660000 58.1433
15670000 163.382
15680000 131.181
15690000 40.9471
15700000 124.397
15710000 156.835
15720000 127.877
15730000 21.035
15740000 28.3072
15750000 -3.74874
15760000 -82.356
15770000 120.963
15780000 94.0711
15790000 -5.46505
15800000 78.549
15810000 21.3976
15820000 66.1367
15830000 161.372
15840000 102.66
15850000 105.114
15860000 248.115
15870000 0.305311
15880000 163.103
15890000 -79.6333
15900000 214.811
15910000 -2.54111
15920000 185.858
15930000 180.234
15940000 157.819
15950000 149.306
15960000 -34.4685
15970000 -62.3013
15980000 117.101
15990000 213.975
16000000 200.219
16010000 143.289
16020000 7.07078
16030000 -92.6277
16040000 45.6324
16050000 -18.987
16060000 67.6226
16070000 -29.9366
16080000 -172.545
16090000 45.9119
16100000 -13.1669
16110000 11.0104
16120000 -117.664
16130000 -4.29704
16140000 229.736
16150000 96.5674
16160000 38.5466
16170000 39.656
16180000 69.3306
16190000 105.943
16200000 29.7684
16210000 -54.2513
16220000 36.8701
16230000 -71.6383
16240000 108.962
16250000 49.9
16260000 -141.021
16270000 -154.871
16280000 49.4509
16290000 -75.4358
16300000 -162.726
16310000 95.7967
16320000 -84.2818
16330000 -28.2565
16340000 -98.1169
16350000 94.9214
16360000 68.6426
16370000 235.449
16380000 15.0741
16390000 -85.522
16400000 41.2554
16410000 75.026
16420000 -33.6252
16430000 -37.609
16440000 -9.51139
16450000 -9.89231
16460000 222.269
16470000 105.643
16480000 53.9372
16490000 24.129
16500000 97.3512
16510000 39.6123
16520000 33.985
16530000 -18.1217
16540000 -44.0732
16550000 -20.5748
16560000 108.962
16570000 -202.736
16580000 133.263
16590000 -119.94
16600000 46.1318
16610000 37.6605
16620000 -1.04608
16630000 43.506
16640000 200.041
16650000 170.134
16660000 224.325
16670000 166.152
16680000 68.6669
16690000 5.99769
16700000 53.5891
16710000 94.5048
16720000 82.4273
16730000 -75.3678
16740000 -21.702
16750000 -39.6814
16760000 266.851
16770000 138.903
16780000 -53.8279
16790000 -96.5518
16800000 94.0578
16810000 -8.49923
16820000 14.0504
16830000 -44.6357
16840000 -135.538
16850000 19.4977
16860000 -75.7004
16870000 8.16477
16880000 74.0716
16890000 72.0123
16900000 97.659
16910000 40.5305
16920000 157.9
16930000 119.737
16940000 -39.2624
16950000 -22.2844
16960000 131.767
16970000 153.846
16980000 129.719
16990000 68.7926
17000000 144.242
17010000 95.749
17020000 -0.889144
17030000 115.953
17040000 55.7525
17050000 -19.0113
17060000 84.3414
17070000 125.747
17080000 67.7087
17090000 -15.3638
17100000 32.8313
17110000 -105.162
17120000 -250.207
17130000 69.5175
17140000 42.4645
17150000 67.2106
17160000 -49.3644
17170000 119.251
17180000 105.026
17190000 63.679
17200000 14.9267
17210000 38.3509
17220000 167.14
17230000 151.66
17240000 -61.9676
17250000 41.3017
17260000 74.5392
17270000 -40.0908
17280000 90.0571
17290000 123.566
17300000 114.612
17310000 0.415236
17320000 -145.728
17330000 26.2548
17340000 53.0173
17350000 283.499
17360000 114.786
17370000 -102.395
17380000 44.7458
17390000 122.217
17400000 14.4081
17410000 -97.425
17420000 20.3592
17430000 -43.7174
17440000 89.4013
17450000 141.43
17460000 137.146
17470000 43.5507
17480000 23.9872
17490000 19.8327
17500000 91.9787
17510000 -121.814
17520000 -29.1384
17530000 -89.9426
17540000 -204.17
17550000 -91.3518
17560000 194.29
17570000 12.471
17580000 57.6034
17590000 80.1484
17600000 139.306
17610000 -23.1232
17620000 49.0271
17630000 117.193
17640000 13.7877
17650000 92.8454
17660000 -36.8474
17670000 -153.557
17680000 8.59271
17690000 66.2798
17700000 -133.287
17710000 -31.0705
17720000 61.5786
17730000 56.0336
17740000 39.1195
17750000 277.55
17760000 -142.95
17770000 16.7943
17780000 114.201
17790000 33.5659
17800000 92.8604
17810000 35.377
17820000 154.594
17830000 -136.102
17840000 172.57
17850000 31.2791
17860000 173.796
17870000 168.05
17880000 47.7988
17890000 -119.62
17900000 125.276
17910000 -5.74617
17920000 27.002
17930000 48.6617
17940000 137.144
17950000 -183.033
17960000 -18.3114
17970000 -78.7179
17980000 -18.2029
17990000 114.454
18000000 194.974
18010000 4.7534
18020000 -0.965175
18030000 30.7255
18040000 96.8203
18050000 -34.7465
18060000 55.4129
18070000 38.7473
18080000 -119.727
18090000 -148.558
18100000 18.5698
18110000 32.7119
18120000 193.718
18130000 113.829
18140000 -102.557
18150000 -66.594
18160000 66.3247
18170000 137.895
18180000 11.5929
18190000 89.4606
18200000 166.29
18210000 -66.312
18220000 -107.864
18230000 -66.1643
18240000 74.4607
18250000 73.8982
18260000 -62.3971
18270000 412.899
18280000 -68.0606
18290000 -87.7923
18300000 -99.8972
18310000 -31.4708
18320000 -174.948
18330000 -94.1901
18340000 147.069
18350000 30.4958
18360000 73.9506
18370000 20.5197
18380000 122.79
18390000 212.176
18400000 97.4652
18410000 90.6432
18420000 -0.445909
18430000 68.3161
18440000 198.891
18450000 -12.2162
18460000 167.822
18470000 13.9946
18480000 76.8139
18490000 -9.61774
18500000 -101.57
18510000 -8.55746
18520000 -42.7473
18530000 139.837
18540000 163.655
18550000 3.67349
18560000 -18.1814
18570000 1.07592
18580000 81.2378
18590000 -65.8329
18600000 -54.9632
18610000 -201.814
18620000 -4.84529
18630000 -94.8827
18640000 21.3145
18650000 -89.0521
18660000 3.68681
18670000 17.054
18680000 -0.555365
18690000 27.1515
18700000 -15.6085
18710000 48.992
18720000 133.303
18730000 -8.43048
18740000 82.0682
18750000 99.0268
18760000 116.025
18770000 1.83925
18780000 216.494
18790000 -63.7107
18800000 -122.793
18810000 -32.5116
18820000 78.6521
18830000 16.8797
18840000 172.503
18850000 -23.9838
18860000 -26.8791
18870000 -230.624
18880000 -122.886
18890000 96.4119
18900000 8.57551
18910000 -104.697
18920000 125.872
18930000 -54.6168
18940000 -79.1869
18950000 -4.6849
18960000 -10.2046
18970000 71.6567
18980000 141.052
18990000 -124.947
19000000 38.304
19010000 142.094
19020000 120.613
19030000 50.6995
19040000 330.634
19050000 199.27
19060000 -32.1314
19070000 162.752
19080000 87.1622
19090000 23.2944
19100000 -9.03338
19110000 70.9022
19120000 14.184
19130000 -109.172
19140000 -65.7987
19150000 -56.0644
19160000 131.108
19170000 201.386
19180000 68.2417
19190000 33.9455
19200000 -39.9368
19210000 -22.7382
19220000 -39.9651
19230000 -87.7105
19240000 135.433
19250000 48.9019
19260000 29.5806
19270000 -45.5036
19280000 3.10568
19290000 -5.4337
19300000 -53.2236
19310000 58.4151
19320000 -48.5234
19330000 137.131
19340000 -57.182
19350000 -60.9584
19360000 -29.0788
19370000 25.1383
19380000 107.824
19390000 -80.8486
19400000 29.6108
19410000 -40.3604
19420000 -20.903
19430000 54.5956
19440000 78.3784
19450000 -3.8679
19460000 147.771
19470000 110.584
19480000 136.662
19490000 -52.1652
19500000 87.407
19510000 88.8992
19520000 -25.0172
19530000 162.52
19540000 -40.9095
19550000 47.2674
19560000 11.6121
19570000 -73.9684
19580000 39.2619
19590000 69.2877
19600000 151.625
19610000 -153.004
19620000 250.561
19630000 74.1046
19640000 -193.42
19650000 192.157
19660000 126.589
19670000 -42.7927
19680000 -173.999
19690000 -238.179
19700000 -12.0353
19710000 -20.265
19720000 -79.2098
19730000 104.947
19740000 -184.87
19750000 -67.4706
19760000 70.0019
19770000 153.737
19780000 6.3542
19790000 53.9078
19800000 104.559
19810000 141.555
19820000 57.0501
19830000 19.5282
19840000 9.01872
19850000 103.907
19860000 45.9499
19870000 70.5375
19880000 61.2336
19890000 -20.7898
19900000 1.46759
19910000 168.366
19920000 73.7226
19930000 -44.9222
19940000 -90.0861
19950000 -31.4523
19960000 -3.06914
19970000 38.4576
19980000 26.7092
19990000 161.542
20000000 96.0518
