# Time-averaged data for fix PressAve1
# TimeStep c_P1
10000 -2.27665
20000 5.13261
30000 3.01053
40000 -10.4274
50000 8.62891
60000 5.85445
70000 2.2607
80000 0.720888
90000 0.828773
100000 3.76066
110000 -5.55044
120000 -1.69634
130000 -0.810335
140000 13.2172
150000 -10.7419
160000 15.0547
170000 -11.1509
180000 15.4471
190000 -1.34065
200000 -14.3429
210000 8.01408
220000 10.0116
230000 -17.502
240000 12.4422
250000 -19.9154
260000 15.7967
270000 14.8921
280000 -11.0015
290000 -3.07996
300000 23.5646
310000 -4.77103
320000 8.25926
330000 -10.5768
340000 -5.26088
350000 -1.49476
360000 12.503
370000 -3.50037
380000 -1.23185
390000 -0.570615
400000 -4.71029
410000 12.744
420000 2.46381
430000 -5.63418
440000 9.54567
450000 -8.85761
460000 -16.2282
470000 23.5037
480000 -1.2192
490000 -3.42902
500000 11.5034
510000 -1.04677
520000 0.16957
530000 0.419354
540000 0.475271
550000 11.3538
560000 -1.30548
570000 4.36586
580000 -11.9912
590000 -4.90276
600000 3.45019
610000 -1.63056
620000 27.8159
630000 -27.9533
640000 10.3582
650000 6.14836
660000 -3.00006
670000 -0.0403703
680000 -3.97919
690000 29.7878
700000 -22.2021
710000 17.2661
720000 -5.91892
730000 -7.41721
740000 5.0162
750000 -1.10601
760000 23.5801
770000 -37.4849
780000 19.9731
790000 -13.8734
800000 21.7485
810000 -8.29638
820000 8.36633
830000 -4.66379
840000 5.38132
850000 -9.221
860000 1.05233
870000 7.93472
880000 -10.7006
890000 16.5672
900000 -0.33935
910000 -2.15633
920000 12.1522
930000 -17.1292
940000 12.8032
950000 -2.35671
960000 13.2324
970000 -10.9644
980000 9.7648
990000 -24.6954
1000000 11.6696
1010000 13.5041
1020000 -1.3217
1030000 0.76294
1040000 -0.902874
1050000 -4.60079
1060000 6.062
1070000 -2.78769
1080000 7.98571
1090000 3.5234
1100000 6.95705
1110000 -19.8637
1120000 19.4154
1130000 -13.8448
1140000 5.28938
1150000 -6.51908
1160000 20.5019
1170000 9.15688
1180000 19.2041
1190000 -10.9447
1200000 -11.9324
1210000 -2.47108
1220000 -5.57585
1230000 5.82954
1240000 5.9484
1250000 -9.62978
1260000 13.9292
1270000 -11.6312
1280000 2.2388
1290000 7.12963
1300000 6.44655
1310000 4.57195
1320000 -16.659
1330000 4.91561
1340000 -5.81305
1350000 14.954
1360000 -1.0039
1370000 -1.33601
1380000 14.202
1390000 -8.69954
1400000 -4.00627
1410000 17.7063
1420000 -13.8681
1430000 -0.639531
1440000 -5.2074
1450000 13.2148
1460000 -12.1244
1470000 13.321
1480000 -9.08732
1490000 9.87451
1500000 -12.898
1510000 13.061
1520000 9.31352
1530000 -27.3007
1540000 22.037
1550000 2.51357
1560000 4.4246
1570000 -2.49534
1580000 7.84503
1590000 -14.5596
1600000 5.55944
1610000 3.91714
1620000 16.3802
1630000 -9.73721
1640000 -2.19492
1650000 -0.890295
1660000 8.77392
1670000 -3.41409
1680000 10.1422
1690000 -8.6198
1700000 -4.83155
1710000 16.5917
1720000 -3.16425
1730000 -11.6245
1740000 9.3223
1750000 16.4226
1760000 -17.432
1770000 12.1603
1780000 -1.55672
1790000 -7.77434
1800000 6.49936
1810000 -4.82075
1820000 7.73519
1830000 -1.81634
1840000 7.26797
1850000 3.94485
1860000 -3.18568
1870000 -2.02128
1880000 -1.43323
1890000 8.36387
1900000 -2.06081
1910000 9.87283
1920000 -13.2785
1930000 25.7772
1940000 -18.6469
1950000 11.5961
1960000 19.7849
1970000 -35.3805
1980000 19.6654
1990000 -3.5596
2000000 3.27084
2010000 -5.63862
2020000 3.58461
2030000 5.00613
2040000 -4.1153
2050000 -15.6534
2060000 39.3116
2070000 -10.8098
2080000 0.41492
2090000 -1.15124
2100000 0.593059
2110000 -18.2744
2120000 17.1448
2130000 -1.70797
2140000 3.19898
2150000 11.5289
2160000 -0.106862
2170000 2.91565
2180000 -6.86324
2190000 -5.04874
2200000 9.577
2210000 -2.67445
2220000 -2.65216
2230000 8.72409
2240000 -11.9074
2250000 7.57388
2260000 3.33533
2270000 4.79618
2280000 21.178
2290000 -15.1264
2300000 10.6622
2310000 -12.2659
2320000 5.85803
2330000 5.42814
2340000 -9.31441
2350000 -4.40722
2360000 25.2626
2370000 -13.1773
2380000 -5.44764
2390000 2.51791
2400000 -18.0213
2410000 25.9302
2420000 4.22154
2430000 -9.922
2440000 19.9237
2450000 -13.4716
2460000 -0.143569
2470000 -0.387598
2480000 16.6422
2490000 -3.27195
2500000 -7.54357
2510000 -3.3956
2520000 14.2982
2530000 -18.924
2540000 13.5613
2550000 -10.6111
2560000 25.7466
2570000 -13.8986
2580000 3.48333
2590000 4.40136
2600000 -17.2039
2610000 22.1556
2620000 -6.29235
2630000 5.31416
2640000 18.9272
2650000 -12.4296
2660000 -5.08182
2670000 24.3739
2680000 -24.1304
2690000 5.98529
2700000 -15.5004
2710000 0.126859
2720000 22.5297
2730000 -8.33582
2740000 2.75411
2750000 9.6798
2760000 -13.3045
2770000 24.8452
2780000 -23.4815
2790000 6.56201
2800000 2.63742
2810000 -0.158988
2820000 1.57082
2830000 1.63339
2840000 3.84964
2850000 6.09383
2860000 -20.0429
2870000 18.8889
2880000 -10.9099
2890000 8.16836
2900000 -9.06468
2910000 11.7154
2920000 7.79314
2930000 -13.6181
2940000 14.6184
2950000 6.77073
2960000 -19.4456
2970000 24.0402
2980000 -33.0971
2990000 35.434
3000000 -10.4571
3010000 -15.7631
3020000 5.42718
3030000 15.0229
3040000 0.744078
3050000 -0.507013
3060000 2.34184
3070000 -20.0414
3080000 6.45929
3090000 18.6466
3100000 -9.30242
3110000 3.55676
3120000 -7.33553
3130000 -2.43758
3140000 11.5156
3150000 -0.14959
3160000 1.07882
3170000 17.4919
3180000 -15.0701
3190000 -8.36841
3200000 15.9808
3210000 4.43077
3220000 14.6697
3230000 -2.4292
3240000 -25.6876
3250000 6.35013
3260000 -6.66242
3270000 11.6664
3280000 0.654723
3290000 0.253207
3300000 8.31581
3310000 6.27412
3320000 3.9692
3330000 -12.0832
3340000 -1.79227
3350000 6.5545
3360000 -19.8877
3370000 15.9887
3380000 0.434027
3390000 7.39349
3400000 4.70436
3410000 -0.798913
3420000 -27.0072
3430000 29.0738
3440000 2.19027
3450000 -10.4094
3460000 0.394567
3470000 5.62844
3480000 7.73
3490000 -3.5342
3500000 8.57114
3510000 -9.63749
3520000 8.41063
3530000 -1.26031
3540000 -6.73478
3550000 7.70457
3560000 4.40744
3570000 -13.5099
3580000 13.8449
3590000 4.78973
3600000 -12.2666
3610000 -1.08364
3620000 1.5581
3630000 14.6822
3640000 0.948767
3650000 -14.0154
3660000 10.3038
3670000 -6.37277
3680000 -2.61933
3690000 2.40869
3700000 6.96513
3710000 18.119
3720000 -6.72874
3730000 -20.3485
3740000 9.57359
3750000 22.2559
3760000 -20.8653
3770000 15.8409
3780000 -0.857461
3790000 -20.6783
3800000 15.825
3810000 15.8374
3820000 -2.75098
3830000 -11.905
3840000 -1.48771
3850000 -1.48026
3860000 4.44561
3870000 10.0449
3880000 -1.81727
3890000 -16.617
3900000 15.847
3910000 11.5994
3920000 -9.46498
3930000 2.80215
3940000 -1.20665
3950000 10.3856
3960000 -11.2937
3970000 25.79
3980000 -11.5755
3990000 0.0824771
4000000 6.12121
4010000 -0.436344
4020000 -8.15701
4030000 -2.37782
4040000 18.2352
4050000 -21.5178
4060000 12.3909
4070000 7.11661
4080000 12.3712
4090000 -9.34552
4100000 -6.31913
4110000 -1.09585
4120000 -6.85641
4130000 3.39163
4140000 4.46858
4150000 -1.09936
4160000 -2.00762
4170000 5.40766
4180000 -1.02192
4190000 8.39726
4200000 2.45593
4210000 10.4978
4220000 -5.85364
4230000 3.16703
4240000 -16.2451
4250000 5.75001
4260000 9.08705
4270000 -6.831
4280000 11.5007
4290000 -1.75182
4300000 -4.81789
4310000 6.82776
4320000 -6.40468
4330000 6.62538
4340000 -15.0716
4350000 19.6971
4360000 -2.56134
4370000 2.42486
4380000 -2.54912
4390000 0.453128
4400000 5.61761
4410000 -22.1712
4420000 25.4526
4430000 -6.38108
4440000 -7.20746
4450000 6.50899
4460000 9.95952
4470000 11.9364
4480000 -26.6815
4490000 36.5264
4500000 -26.6871
4510000 -2.98406
4520000 23.9738
4530000 -18.0553
4540000 9.29273
4550000 -4.40378
4560000 -7.29563
4570000 15.1308
4580000 6.04255
4590000 4.47865
4600000 -13.9335
4610000 2.06513
4620000 9.18504
4630000 5.81527
4640000 -2.38706
4650000 -7.39503
4660000 9.34294
4670000 -28.5892
4680000 18.8091
4690000 8.8688
4700000 -12.0822
4710000 6.8625
4720000 -0.0317496
4730000 7.98052
4740000 -17.7652
4750000 19.3017
4760000 -1.61392
4770000 -6.79771
4780000 8.10721
4790000 -2.38978
4800000 8.32293
4810000 -0.947905
4820000 12.5823
4830000 -12.5606
4840000 14.1836
4850000 -13.1408
4860000 20.8861
4870000 -13.0453
4880000 -0.679991
4890000 8.29868
4900000 14.5417
4910000 -9.85784
4920000 1.36747
4930000 -1.96445
4940000 13.8069
4950000 -13.2022
4960000 6.01233
4970000 -13.1583
4980000 -2.89839
4990000 -1.41203
5000000 -1.91522
