# Time-averaged data for fix TEAve
# TimeStep v_TotEn
10000 -16760.4
20000 -16757.9
30000 -16773.1
40000 -16774.2
50000 -16751.9
60000 -16755.4
70000 -16711.5
80000 -16788.9
90000 -16773.1
100000 -16761.7
110000 -16754.9
120000 -16793
130000 -16795.8
140000 -16767.8
150000 -16760.7
160000 -16745.3
170000 -16806.8
180000 -16787.2
190000 -16775.6
200000 -16734.7
210000 -16761.2
220000 -16750.4
230000 -16777.2
240000 -16760.4
250000 -16743.5
260000 -16738.6
270000 -16791.7
280000 -16790.6
290000 -16726.6
300000 -16743.4
310000 -16729.8
320000 -16726.6
330000 -16731.1
340000 -16745.1
350000 -16763.1
360000 -16740.7
370000 -16740.3
380000 -16758.3
390000 -16787.7
400000 -16816.9
410000 -16740.3
420000 -16770.4
430000 -16754.8
440000 -16751.5
450000 -16754.7
460000 -16754.3
470000 -16720.1
480000 -16754.8
490000 -16770
500000 -16742.8
510000 -16784.1
520000 -16795.4
530000 -16784.5
540000 -16779.2
550000 -16733.2
560000 -16765
570000 -16762.9
580000 -16749.9
590000 -16765.3
600000 -16772.1
610000 -16776.6
620000 -16744.3
630000 -16773.8
640000 -16730.4
650000 -16721.8
660000 -16737.5
670000 -16742.9
680000 -16735.8
690000 -16720.1
700000 -16745.4
710000 -16786
720000 -16764.9
730000 -16782.7
740000 -16785.9
750000 -16734.5
760000 -16750.6
770000 -16753.4
780000 -16767.9
790000 -16787.1
800000 -16784.9
810000 -16771.1
820000 -16736.9
830000 -16748
840000 -16777.1
850000 -16765.9
860000 -16764.9
870000 -16745.5
880000 -16749.7
890000 -16752.9
900000 -16766.5
910000 -16741.9
920000 -16723.1
930000 -16780.9
940000 -16810.1
950000 -16788.9
960000 -16775.3
970000 -16775
980000 -16753.3
990000 -16762.4
1000000 -16749.5
1010000 -16757
1020000 -16755.9
1030000 -16766.5
1040000 -16762.6
1050000 -16767.2
1060000 -16798.1
1070000 -16797.2
1080000 -16757.9
1090000 -16747.8
1100000 -16752.2
1110000 -16763.3
1120000 -16747.4
1130000 -16729.6
1140000 -16748.2
1150000 -16763.6
1160000 -16794.3
1170000 -16762
1180000 -16753.5
1190000 -16771.4
1200000 -16739.5
1210000 -16734.9
1220000 -16752.1
1230000 -16736
1240000 -16765
1250000 -16767.4
1260000 -16753.5
1270000 -16743.2
1280000 -16729
1290000 -16781.6
1300000 -16757
1310000 -16769.1
1320000 -16710.6
1330000 -16757.5
1340000 -16756.5
1350000 -16760.9
1360000 -16791.7
1370000 -16793
1380000 -16739.4
1390000 -16760.3
1400000 -16752
1410000 -16761.5
1420000 -16777.4
1430000 -16748.7
1440000 -16754.2
1450000 -16768.8
1460000 -16758.1
1470000 -16771.9
1480000 -16769.7
1490000 -16768.4
1500000 -16748.1
1510000 -16737.1
1520000 -16736.5
1530000 -16719.7
1540000 -16767
1550000 -16768.8
1560000 -16740
1570000 -16725.7
1580000 -16792.1
1590000 -16759.7
1600000 -16754.8
1610000 -16728.9
1620000 -16785.4
1630000 -16757.4
1640000 -16771.9
1650000 -16773.4
1660000 -16783.4
1670000 -16747
1680000 -16729.5
1690000 -16727.2
1700000 -16753.6
1710000 -16777.6
1720000 -16797.6
1730000 -16735.1
1740000 -16742.5
1750000 -16760.7
1760000 -16753.2
1770000 -16772.4
1780000 -16760.8
1790000 -16730.3
1800000 -16749
1810000 -16748.4
1820000 -16703.8
1830000 -16759.9
1840000 -16778.5
1850000 -16787
1860000 -16760
1870000 -16727.9
1880000 -16751.7
1890000 -16798.7
1900000 -16763.8
1910000 -16789.9
1920000 -16772.5
1930000 -16748.8
1940000 -16746.8
1950000 -16722.6
1960000 -16736.5
1970000 -16762.9
1980000 -16794.9
1990000 -16737.9
2000000 -16760.4
2010000 -16742.4
2020000 -16768.4
2030000 -16765.5
2040000 -16771
2050000 -16794
2060000 -16762.2
2070000 -16782.4
2080000 -16754.2
2090000 -16766.5
2100000 -16782.2
2110000 -16778.4
2120000 -16768.9
2130000 -16770.6
2140000 -16771.1
2150000 -16727.1
2160000 -16767.2
2170000 -16730
2180000 -16775.4
2190000 -16795.5
2200000 -16766.9
2210000 -16780
2220000 -16785.1
2230000 -16811.4
2240000 -16817.7
2250000 -16783.1
2260000 -16764.3
2270000 -16746.5
2280000 -16771.8
2290000 -16772.5
2300000 -16775.4
2310000 -16717.5
2320000 -16740.7
2330000 -16718
2340000 -16764.1
2350000 -16767.8
2360000 -16750.3
2370000 -16774.9
2380000 -16729.2
2390000 -16728.5
2400000 -16746.7
2410000 -16734.3
2420000 -16741.3
2430000 -16788.2
2440000 -16780.5
2450000 -16761.5
2460000 -16782.8
2470000 -16783.4
2480000 -16809.4
2490000 -16800.3
2500000 -16808
2510000 -16808.5
2520000 -16774.8
2530000 -16769.2
2540000 -16732.9
2550000 -16773.9
2560000 -16748.5
2570000 -16733
2580000 -16732.4
2590000 -16767.9
2600000 -16751.9
2610000 -16766.1
2620000 -16728.3
2630000 -16714.8
2640000 -16700.3
2650000 -16736.2
2660000 -16718.6
2670000 -16748.1
2680000 -16729.9
2690000 -16707.8
2700000 -16744.4
2710000 -16739.4
2720000 -16735.1
2730000 -16747.3
2740000 -16755.3
2750000 -16740.1
2760000 -16754.3
2770000 -16776
2780000 -16732
2790000 -16774.9
2800000 -16784.5
2810000 -16746.7
2820000 -16800.1
2830000 -16786
2840000 -16737.3
2850000 -16734.8
2860000 -16770.4
2870000 -16804.3
2880000 -16762.9
2890000 -16753.7
2900000 -16763.8
2910000 -16754.4
2920000 -16717.7
2930000 -16786
2940000 -16763
2950000 -16759.2
2960000 -16769.9
2970000 -16752
2980000 -16754.5
2990000 -16732.3
3000000 -16712
3010000 -16700.5
3020000 -16727
3030000 -16761.4
3040000 -16765.6
3050000 -16739.2
3060000 -16745.1
3070000 -16768.7
3080000 -16774.8
3090000 -16756.7
3100000 -16776.3
3110000 -16741.8
3120000 -16755.9
3130000 -16774.9
3140000 -16757.1
3150000 -16735.4
3160000 -16729.7
3170000 -16753.2
3180000 -16770.1
3190000 -16763.7
3200000 -16746
3210000 -16769.6
3220000 -16786.7
3230000 -16795.9
3240000 -16755.3
3250000 -16762.6
3260000 -16764.9
3270000 -16753.6
3280000 -16797.6
3290000 -16753.6
3300000 -16759.3
3310000 -16766.5
3320000 -16766.2
3330000 -16750
3340000 -16741.1
3350000 -16767.7
3360000 -16769.8
3370000 -16735.7
3380000 -16748.2
3390000 -16772.1
3400000 -16752.9
3410000 -16738
3420000 -16766.6
3430000 -16744.7
3440000 -16783.5
3450000 -16768.9
3460000 -16747.5
3470000 -16750.7
3480000 -16748.2
3490000 -16784
3500000 -16741.6
3510000 -16774.7
3520000 -16780.4
3530000 -16762.1
3540000 -16757.8
3550000 -16735
3560000 -16737.8
3570000 -16728
3580000 -16768.3
3590000 -16740.1
3600000 -16717.2
3610000 -16743.3
3620000 -16733.3
3630000 -16745.4
3640000 -16761.7
3650000 -16758.3
3660000 -16808.2
3670000 -16759.8
3680000 -16756.6
3690000 -16748.9
3700000 -16772.1
3710000 -16762.9
3720000 -16736.4
3730000 -16765.9
3740000 -16710.2
3750000 -16751.1
3760000 -16782.3
3770000 -16799.2
3780000 -16794.7
3790000 -16752.5
3800000 -16735.4
3810000 -16777.1
3820000 -16697.8
3830000 -16730.1
3840000 -16728.9
3850000 -16767.6
3860000 -16754.8
3870000 -16748.2
3880000 -16755.3
3890000 -16704.2
3900000 -16767.3
3910000 -16768.5
3920000 -16743.3
3930000 -16773.9
3940000 -16766.7
3950000 -16739.9
3960000 -16738.3
3970000 -16775.7
3980000 -16780.3
3990000 -16769.5
4000000 -16750.9
4010000 -16735.4
4020000 -16745.8
4030000 -16766.3
4040000 -16757.6
4050000 -16701.1
4060000 -16732.8
4070000 -16715.8
4080000 -16744.5
4090000 -16744.8
4100000 -16739.6
4110000 -16739.9
4120000 -16740.2
4130000 -16757.7
4140000 -16769.6
4150000 -16756.3
4160000 -16774
4170000 -16801.6
4180000 -16770.8
4190000 -16770.9
4200000 -16761.2
4210000 -16754.1
4220000 -16740
4230000 -16798.7
4240000 -16774.6
4250000 -16783.6
4260000 -16768.6
4270000 -16742.9
4280000 -16764
4290000 -16768
4300000 -16741.3
4310000 -16746.6
4320000 -16763.8
4330000 -16747.6
4340000 -16754.4
4350000 -16750.3
4360000 -16728.2
4370000 -16742.1
4380000 -16742.3
4390000 -16719.6
4400000 -16757.3
4410000 -16782.7
4420000 -16739.5
4430000 -16791.9
4440000 -16808.2
4450000 -16794.2
4460000 -16795.1
4470000 -16748.8
4480000 -16778.9
4490000 -16727.2
4500000 -16761.7
4510000 -16779.6
4520000 -16779.1
4530000 -16759.5
4540000 -16778.1
4550000 -16744.5
4560000 -16758.1
4570000 -16745.8
4580000 -16744.3
4590000 -16746.4
4600000 -16737.7
4610000 -16771.7
4620000 -16759.6
4630000 -16770.7
4640000 -16770.5
4650000 -16746.5
4660000 -16766.8
4670000 -16762
4680000 -16747.9
4690000 -16746.7
4700000 -16727.9
4710000 -16746.6
4720000 -16730.7
4730000 -16738.9
4740000 -16761
4750000 -16744.2
4760000 -16754.1
4770000 -16761.6
4780000 -16774
4790000 -16740.9
4800000 -16746.1
4810000 -16783.9
4820000 -16760.5
4830000 -16740.6
4840000 -16788.3
4850000 -16770.7
4860000 -16763.2
4870000 -16778.9
4880000 -16812.1
4890000 -16813.2
4900000 -16725.9
4910000 -16774.8
4920000 -16793.3
4930000 -16750.2
4940000 -16741.3
4950000 -16755
4960000 -16753.2
4970000 -16768.1
4980000 -16738.2
4990000 -16757.8
5000000 -16757
5010000 -16726.5
5020000 -16760.4
5030000 -16762
5040000 -16732.3
5050000 -16738.8
5060000 -16736.1
5070000 -16785.8
5080000 -16770.4
5090000 -16728.9
5100000 -16721
5110000 -16752.9
5120000 -16759.9
5130000 -16741.6
5140000 -16741.5
5150000 -16740.8
5160000 -16766.1
5170000 -16780.6
5180000 -16750.9
5190000 -16749.1
5200000 -16771.6
5210000 -16762.8
5220000 -16765.7
5230000 -16735
5240000 -16775.2
5250000 -16722.3
5260000 -16722.4
5270000 -16769.5
5280000 -16724.8
5290000 -16764.2
5300000 -16741.2
5310000 -16771.4
5320000 -16770.9
5330000 -16789.8
5340000 -16782.9
5350000 -16757
5360000 -16750.9
5370000 -16742
5380000 -16694.1
5390000 -16757.8
5400000 -16756.1
5410000 -16776.9
5420000 -16782.9
5430000 -16726.1
5440000 -16752.3
5450000 -16777.6
5460000 -16791.5
5470000 -16748.9
5480000 -16739.3
5490000 -16725.2
5500000 -16756.2
5510000 -16742
5520000 -16761.9
5530000 -16741
5540000 -16746.3
5550000 -16734.6
5560000 -16775
5570000 -16758.2
5580000 -16729
5590000 -16705.9
5600000 -16703
5610000 -16729.2
5620000 -16758.6
5630000 -16751
5640000 -16747
5650000 -16739.6
5660000 -16779.6
5670000 -16766.9
5680000 -16777.9
5690000 -16785.6
5700000 -16747.5
5710000 -16756.9
5720000 -16766.7
5730000 -16732.2
5740000 -16720.6
5750000 -16757.3
5760000 -16775.5
5770000 -16765.1
5780000 -16790.8
5790000 -16766.8
5800000 -16808.2
5810000 -16785.7
5820000 -16781.3
5830000 -16750.8
5840000 -16762
5850000 -16731.3
5860000 -16732
5870000 -16767.5
5880000 -16751.8
5890000 -16743.3
5900000 -16765.9
5910000 -16714.6
5920000 -16738.9
5930000 -16771.5
5940000 -16745.2
5950000 -16806.1
5960000 -16811.6
5970000 -16741.3
5980000 -16706.8
5990000 -16715.7
6000000 -16764.8
6010000 -16752.5
6020000 -16710.7
6030000 -16769.4
6040000 -16770.8
6050000 -16767.6
6060000 -16764.3
6070000 -16796.4
6080000 -16767.3
6090000 -16790.6
6100000 -16763.3
6110000 -16781.8
6120000 -16757.4
6130000 -16807.7
6140000 -16768.6
6150000 -16799.2
6160000 -16766.8
6170000 -16759.1
6180000 -16745.8
6190000 -16750.1
6200000 -16761.8
6210000 -16752.1
6220000 -16742.1
6230000 -16795.5
6240000 -16757.1
6250000 -16746.8
6260000 -16748
6270000 -16764.7
6280000 -16738.5
6290000 -16788.3
6300000 -16735.7
6310000 -16803.6
6320000 -16772.8
6330000 -16741.7
6340000 -16734.7
6350000 -16749.3
6360000 -16754.2
6370000 -16757.4
6380000 -16758.2
6390000 -16760.2
6400000 -16770.8
6410000 -16816.6
6420000 -16798.4
6430000 -16765.9
6440000 -16766.2
6450000 -16794.3
6460000 -16782.2
6470000 -16812.9
6480000 -16757.2
6490000 -16767.6
6500000 -16772.7
6510000 -16768.3
6520000 -16758.9
6530000 -16771.2
6540000 -16786.7
6550000 -16747.8
6560000 -16767.9
6570000 -16754.4
6580000 -16746.8
6590000 -16741.8
6600000 -16780.6
6610000 -16744.3
6620000 -16725.2
6630000 -16753.5
6640000 -16748
6650000 -16740.5
6660000 -16784.6
6670000 -16748.3
6680000 -16730.3
6690000 -16744.6
6700000 -16773.2
6710000 -16762.8
6720000 -16746.7
6730000 -16776
6740000 -16728.7
6750000 -16742.4
6760000 -16773.2
6770000 -16751
6780000 -16742.1
6790000 -16751.3
6800000 -16752.2
6810000 -16772.3
6820000 -16788.3
6830000 -16729.8
6840000 -16731.7
6850000 -16762.9
6860000 -16770
6870000 -16768.6
6880000 -16748
6890000 -16758.8
6900000 -16738.3
6910000 -16814.1
6920000 -16791.1
6930000 -16740.1
6940000 -16747.9
6950000 -16731.7
6960000 -16765.3
6970000 -16764.7
6980000 -16738.6
6990000 -16792
7000000 -16778.1
7010000 -16778
7020000 -16774.9
7030000 -16734.1
7040000 -16767.4
7050000 -16803.9
7060000 -16784.2
7070000 -16757.5
7080000 -16727.3
7090000 -16743.8
7100000 -16706.6
7110000 -16752.6
7120000 -16777.7
7130000 -16766.8
7140000 -16784
7150000 -16778.7
7160000 -16758.8
7170000 -16742.1
7180000 -16742.9
7190000 -16803.8
7200000 -16785.3
7210000 -16751.1
7220000 -16761
7230000 -16794.7
7240000 -16789.3
7250000 -16768.9
7260000 -16762.7
7270000 -16756.3
7280000 -16760
7290000 -16788.9
7300000 -16786.4
7310000 -16727.1
7320000 -16716
7330000 -16774.9
7340000 -16754.3
7350000 -16769.5
7360000 -16763.1
7370000 -16784.5
7380000 -16808.3
7390000 -16768.4
7400000 -16763.7
7410000 -16774
7420000 -16782.6
7430000 -16781.4
7440000 -16822.7
7450000 -16756.6
7460000 -16764.6
7470000 -16751.6
7480000 -16754.2
7490000 -16773.8
7500000 -16733.9
7510000 -16771.5
7520000 -16752.2
7530000 -16736.1
7540000 -16744.5
7550000 -16745.6
7560000 -16769
7570000 -16748.2
7580000 -16784.1
7590000 -16759.9
7600000 -16743.3
7610000 -16778.1
7620000 -16726.8
7630000 -16727
7640000 -16791.7
7650000 -16745.1
7660000 -16758.9
7670000 -16762.3
7680000 -16743.4
7690000 -16753.4
7700000 -16773
7710000 -16751.7
7720000 -16766.2
7730000 -16734.1
7740000 -16739
7750000 -16741.4
7760000 -16759
7770000 -16755.9
7780000 -16739
7790000 -16766.1
7800000 -16761.7
7810000 -16775.6
7820000 -16752.4
7830000 -16729.9
7840000 -16777.5
7850000 -16747.6
7860000 -16788.1
7870000 -16781.2
7880000 -16774.5
7890000 -16766.8
7900000 -16771.8
7910000 -16755.1
7920000 -16786.4
7930000 -16787.2
7940000 -16750.6
7950000 -16751.6
7960000 -16775
7970000 -16785.1
7980000 -16781.1
7990000 -16802.8
8000000 -16785.6
8010000 -16778.1
8020000 -16762.5
8030000 -16781.3
8040000 -16777.2
8050000 -16760.5
8060000 -16761.3
8070000 -16731.1
8080000 -16785.7
8090000 -16748
8100000 -16748.5
8110000 -16752.9
8120000 -16750.6
8130000 -16752.9
8140000 -16740.3
8150000 -16777
8160000 -16764.2
8170000 -16743.3
8180000 -16758
8190000 -16753.3
8200000 -16739.6
8210000 -16757.1
8220000 -16762.1
8230000 -16779.5
8240000 -16809.5
8250000 -16796.7
8260000 -16769
8270000 -16774.1
8280000 -16791.6
8290000 -16767.6
8300000 -16774.2
8310000 -16777.1
8320000 -16799.6
8330000 -16735.1
8340000 -16746.4
8350000 -16761.8
8360000 -16756
8370000 -16739.9
8380000 -16718.7
8390000 -16797.3
8400000 -16772.3
8410000 -16760.4
8420000 -16768
8430000 -16763
8440000 -16727.5
8450000 -16769.7
8460000 -16769.2
8470000 -16764.2
8480000 -16774.7
8490000 -16762.1
8500000 -16748.7
8510000 -16768.1
8520000 -16722
8530000 -16736.4
8540000 -16750
8550000 -16742
8560000 -16748.9
8570000 -16747.4
8580000 -16786.9
8590000 -16740.5
8600000 -16758.3
8610000 -16706.1
8620000 -16780.4
8630000 -16759.8
8640000 -16775.5
8650000 -16760.2
8660000 -16762.4
8670000 -16761.1
8680000 -16760.7
8690000 -16753.6
8700000 -16740.1
8710000 -16729.2
8720000 -16756.1
8730000 -16732.8
8740000 -16754.7
8750000 -16746
8760000 -16712.3
8770000 -16749.9
8780000 -16766
8790000 -16717.7
8800000 -16732.4
8810000 -16771.5
8820000 -16773.4
8830000 -16781.2
8840000 -16757.6
8850000 -16746.2
8860000 -16747.5
8870000 -16761.2
8880000 -16757.9
8890000 -16745.4
8900000 -16747
8910000 -16753.7
8920000 -16731.7
8930000 -16779.6
8940000 -16755.5
8950000 -16766.4
8960000 -16764.6
8970000 -16761.3
8980000 -16747.5
8990000 -16774.2
9000000 -16788.3
9010000 -16769.7
9020000 -16778.5
9030000 -16774
9040000 -16773.5
9050000 -16769.9
9060000 -16789.6
9070000 -16746.4
9080000 -16769.5
9090000 -16725.9
9100000 -16761.4
9110000 -16760.6
9120000 -16739.8
9130000 -16763.4
9140000 -16735.3
9150000 -16723.8
9160000 -16741.9
9170000 -16725.2
9180000 -16752.3
9190000 -16742
9200000 -16718.6
9210000 -16751.9
9220000 -16748
9230000 -16750.4
9240000 -16742.9
9250000 -16734.7
9260000 -16765.5
9270000 -16757.8
9280000 -16787.2
9290000 -16782.1
9300000 -16767.8
9310000 -16779.5
9320000 -16775.7
9330000 -16760.2
9340000 -16772.3
9350000 -16775.1
9360000 -16784
9370000 -16744.4
9380000 -16750.6
9390000 -16774.2
9400000 -16755.9
9410000 -16760.2
9420000 -16783.2
9430000 -16741
9440000 -16775.9
9450000 -16780.2
9460000 -16776.5
9470000 -16771.2
9480000 -16781.2
9490000 -16797.2
9500000 -16758.5
9510000 -16762.6
9520000 -16778.9
9530000 -16761.4
9540000 -16752.2
9550000 -16772.9
9560000 -16749
9570000 -16738.2
9580000 -16726.5
9590000 -16766.8
9600000 -16753.9
9610000 -16747.3
9620000 -16746.8
9630000 -16744.7
9640000 -16747
9650000 -16758.3
9660000 -16719.1
9670000 -16751.8
9680000 -16740.2
9690000 -16778
9700000 -16749.9
9710000 -16777.9
9720000 -16750.7
9730000 -16764.5
9740000 -16784.1
9750000 -16763.2
9760000 -16770.6
9770000 -16723.3
9780000 -16755.9
9790000 -16737
9800000 -16747.1
9810000 -16726.1
9820000 -16772.6
9830000 -16754
9840000 -16750.2
9850000 -16773
9860000 -16791.1
9870000 -16749.7
9880000 -16720.4
9890000 -16770.3
9900000 -16780
9910000 -16723.1
9920000 -16770
9930000 -16780.9
9940000 -16767.1
9950000 -16743.7
9960000 -16763.2
9970000 -16794.1
9980000 -16761.6
9990000 -16722.8
10000000 -16733.4
10010000 -16771
10020000 -16768.4
10030000 -16745.5
10040000 -16729.8
10050000 -16763.4
10060000 -16777.1
10070000 -16767.8
10080000 -16760.9
10090000 -16733.6
10100000 -16758.1
10110000 -16754.4
10120000 -16798.7
10130000 -16804
10140000 -16787.7
10150000 -16782.6
10160000 -16753.2
10170000 -16803.5
10180000 -16711.8
10190000 -16743.2
10200000 -16759.7
10210000 -16739
10220000 -16750.2
10230000 -16743
10240000 -16742.9
10250000 -16740.4
10260000 -16758
10270000 -16750
10280000 -16743.9
10290000 -16759
10300000 -16717.2
10310000 -16723.5
10320000 -16776
10330000 -16763.6
10340000 -16790.1
10350000 -16759.3
10360000 -16789
10370000 -16793
10380000 -16784.4
10390000 -16745.2
10400000 -16795.7
10410000 -16808
10420000 -16724.3
10430000 -16801.1
10440000 -16773.5
10450000 -16786.5
10460000 -16752.6
10470000 -16751.2
10480000 -16751.8
10490000 -16771.9
10500000 -16749.3
10510000 -16734.9
10520000 -16731.4
10530000 -16730.9
10540000 -16749.1
10550000 -16776
10560000 -16729.4
10570000 -16751.3
10580000 -16759.2
10590000 -16753
10600000 -16738
10610000 -16769.4
10620000 -16769.3
10630000 -16752.3
10640000 -16735.5
10650000 -16711.6
10660000 -16784.8
10670000 -16789.9
10680000 -16795
10690000 -16743
10700000 -16740.3
10710000 -16736.3
10720000 -16752.3
10730000 -16748.3
10740000 -16759.8
10750000 -16718.9
10760000 -16737.5
10770000 -16768.8
10780000 -16792.7
10790000 -16754.7
10800000 -16771.7
10810000 -16792.5
10820000 -16782.4
10830000 -16794.8
10840000 -16753.4
10850000 -16759.8
10860000 -16755.5
10870000 -16741
10880000 -16739.1
10890000 -16759.6
10900000 -16757.8
10910000 -16759.2
10920000 -16737.6
10930000 -16758.4
10940000 -16770.9
10950000 -16772.4
10960000 -16768.3
10970000 -16757
10980000 -16784.7
10990000 -16766.7
11000000 -16767.1
11010000 -16756.4
11020000 -16756.8
11030000 -16743.2
11040000 -16738.1
11050000 -16732.1
11060000 -16738.4
11070000 -16773.2
11080000 -16731.9
11090000 -16696.9
11100000 -16738.6
11110000 -16781.3
11120000 -16755.9
11130000 -16743.3
11140000 -16761.7
11150000 -16732.3
11160000 -16763.8
11170000 -16750.4
11180000 -16764.3
11190000 -16734.4
11200000 -16723.8
11210000 -16717.7
11220000 -16721.8
11230000 -16737
11240000 -16748.4
11250000 -16742.5
11260000 -16765.6
11270000 -16739.8
11280000 -16746.3
11290000 -16782.4
11300000 -16770.3
11310000 -16754.9
11320000 -16800.6
11330000 -16806.9
11340000 -16747.8
11350000 -16755.6
11360000 -16703.9
11370000 -16735
11380000 -16750.2
11390000 -16759.5
11400000 -16719.8
11410000 -16755.3
11420000 -16754.7
11430000 -16765.9
11440000 -16730.1
11450000 -16754.1
11460000 -16754.1
11470000 -16722.9
11480000 -16773
11490000 -16773.3
11500000 -16749.7
11510000 -16767.6
11520000 -16717.6
11530000 -16782.4
11540000 -16735.6
11550000 -16712
11560000 -16726.1
11570000 -16759.2
11580000 -16734.8
11590000 -16710.9
11600000 -16726.7
11610000 -16750.6
11620000 -16768.4
11630000 -16755
11640000 -16750.6
11650000 -16742.5
11660000 -16735.6
11670000 -16769
11680000 -16728.8
11690000 -16738
11700000 -16727.2
11710000 -16755.4
11720000 -16750
11730000 -16743.6
11740000 -16757.5
11750000 -16765.3
11760000 -16771.4
11770000 -16739
11780000 -16744
11790000 -16747.1
11800000 -16742
11810000 -16713.2
11820000 -16755.6
11830000 -16775.1
11840000 -16750.1
11850000 -16734.8
11860000 -16708.9
11870000 -16738.1
11880000 -16774.7
11890000 -16767.5
11900000 -16756.2
11910000 -16800.6
11920000 -16752.8
11930000 -16780
11940000 -16788.7
11950000 -16773.1
11960000 -16781.8
11970000 -16751.7
11980000 -16792.6
11990000 -16754.5
12000000 -16741.2
12010000 -16750.9
12020000 -16782.7
12030000 -16744
12040000 -16750
12050000 -16775.2
12060000 -16777.5
12070000 -16769.8
12080000 -16744
12090000 -16739.3
12100000 -16778.2
12110000 -16751.5
12120000 -16736.5
12130000 -16770.7
12140000 -16767.5
12150000 -16760.3
12160000 -16718.5
12170000 -16742
12180000 -16745.7
12190000 -16710.9
12200000 -16776.9
12210000 -16755.4
12220000 -16758.1
12230000 -16779.8
12240000 -16737.1
12250000 -16766.6
12260000 -16752.7
12270000 -16786.9
12280000 -16785.1
12290000 -16758.9
12300000 -16724.1
12310000 -16760.5
12320000 -16776.1
12330000 -16761
12340000 -16824.3
12350000 -16794.8
12360000 -16773.4
12370000 -16757.8
12380000 -16751.5
12390000 -16783.9
12400000 -16762
12410000 -16769.4
12420000 -16752.3
12430000 -16754.8
12440000 -16789.2
12450000 -16795.5
12460000 -16757.8
12470000 -16800.3
12480000 -16763.7
12490000 -16731.9
12500000 -16773.8
12510000 -16774.5
12520000 -16763.9
12530000 -16772.1
12540000 -16762.8
12550000 -16777.9
12560000 -16766.2
12570000 -16774.8
12580000 -16785.3
12590000 -16770.1
12600000 -16778.3
12610000 -16761.2
12620000 -16775.1
12630000 -16773.4
12640000 -16769.9
12650000 -16738
12660000 -16733.2
12670000 -16790.9
12680000 -16811.3
12690000 -16746.7
12700000 -16760.5
12710000 -16751.9
12720000 -16757
12730000 -16753.9
12740000 -16754.9
12750000 -16765.8
12760000 -16739.1
12770000 -16777.7
12780000 -16755.2
12790000 -16742.2
12800000 -16740.4
12810000 -16724.2
12820000 -16759.1
12830000 -16737.7
12840000 -16759.7
12850000 -16768.3
12860000 -16791
12870000 -16761.6
12880000 -16765.4
12890000 -16740.2
12900000 -16777.3
12910000 -16731.9
12920000 -16763
12930000 -16809
12940000 -16758.7
12950000 -16767.5
12960000 -16805
12970000 -16763.4
12980000 -16771.4
12990000 -16717
13000000 -16770.5
13010000 -16807.9
13020000 -16778.6
13030000 -16787.5
13040000 -16758.6
13050000 -16752.1
13060000 -16763
13070000 -16733.7
13080000 -16739
13090000 -16714
13100000 -16755.8
13110000 -16779.4
13120000 -16790
13130000 -16762.4
13140000 -16774.8
13150000 -16763
13160000 -16751
13170000 -16771.6
13180000 -16751.8
13190000 -16778.1
13200000 -16764
13210000 -16773.8
13220000 -16790.6
13230000 -16755.9
13240000 -16764.5
13250000 -16765.9
13260000 -16759.1
13270000 -16707.3
13280000 -16738.9
13290000 -16751.7
13300000 -16766.8
13310000 -16736.6
13320000 -16725.7
13330000 -16779.2
13340000 -16770.8
13350000 -16753.3
13360000 -16765
13370000 -16764.5
13380000 -16732
13390000 -16726.3
13400000 -16765.3
13410000 -16730.5
13420000 -16743.7
13430000 -16745.4
13440000 -16723.6
13450000 -16765.2
13460000 -16759.7
13470000 -16751.1
13480000 -16772
13490000 -16737.2
13500000 -16747.3
13510000 -16765.5
13520000 -16770.5
13530000 -16788.6
13540000 -16769.2
13550000 -16763
13560000 -16791.1
13570000 -16784.6
13580000 -16761.3
13590000 -16759.1
13600000 -16752.6
13610000 -16728.5
13620000 -16771.1
13630000 -16760.5
13640000 -16772.2
13650000 -16789.5
13660000 -16764.8
13670000 -16763.5
13680000 -16753.7
13690000 -16756.9
13700000 -16736.1
13710000 -16747
13720000 -16714.4
13730000 -16736.1
13740000 -16758.1
13750000 -16786.4
13760000 -16760.7
13770000 -16779
13780000 -16737.9
13790000 -16770
13800000 -16776.6
13810000 -16771
13820000 -16750.3
13830000 -16746.1
13840000 -16757.2
13850000 -16753
13860000 -16727.4
13870000 -16750.7
13880000 -16730.4
13890000 -16792.8
13900000 -16760.2
13910000 -16748
13920000 -16759.2
13930000 -16738.4
13940000 -16793.6
13950000 -16753.7
13960000 -16741.4
13970000 -16756.1
13980000 -16740.6
13990000 -16753.2
14000000 -16740.6
14010000 -16755.5
14020000 -16744.9
14030000 -16751.3
14040000 -16789.2
14050000 -16778.4
14060000 -16770.2
14070000 -16755.3
14080000 -16743.4
14090000 -16771.7
14100000 -16755.8
14110000 -16740.9
14120000 -16782.4
14130000 -16737.1
14140000 -16750.8
14150000 -16748.1
14160000 -16729.9
14170000 -16741.3
14180000 -16753.4
14190000 -16732
14200000 -16795.3
14210000 -16785.8
14220000 -16768.9
14230000 -16744.2
14240000 -16754.5
14250000 -16703.2
14260000 -16758.7
14270000 -16794.5
14280000 -16755.5
14290000 -16775.9
14300000 -16779.2
14310000 -16790.4
14320000 -16800.1
14330000 -16750.1
14340000 -16775.3
14350000 -16790.6
14360000 -16726
14370000 -16778.3
14380000 -16743.5
14390000 -16781.9
14400000 -16750.4
14410000 -16733.6
14420000 -16742.9
14430000 -16783.6
14440000 -16763.8
14450000 -16745.5
14460000 -16740.1
14470000 -16750.1
14480000 -16775.1
14490000 -16777.1
14500000 -16741.5
14510000 -16746.1
14520000 -16746.5
14530000 -16731.9
14540000 -16749.8
14550000 -16738.8
14560000 -16724.1
14570000 -16759.5
14580000 -16779.2
14590000 -16724.4
14600000 -16764.6
14610000 -16747.2
14620000 -16761
14630000 -16787.6
14640000 -16772.4
14650000 -16797.7
14660000 -16788.6
14670000 -16759.5
14680000 -16745.7
14690000 -16758
14700000 -16741.4
14710000 -16766.2
14720000 -16758.1
14730000 -16759.1
14740000 -16762
14750000 -16760.8
14760000 -16742.3
14770000 -16715.5
14780000 -16748.2
14790000 -16768.8
14800000 -16747.7
14810000 -16756.7
14820000 -16777
14830000 -16773.5
14840000 -16767.3
14850000 -16760.3
14860000 -16782.5
14870000 -16779
14880000 -16777.2
14890000 -16793.2
14900000 -16754
14910000 -16771.3
14920000 -16763.4
14930000 -16712.4
14940000 -16778.8
14950000 -16777
14960000 -16737.2
14970000 -16764.8
14980000 -16764.1
14990000 -16752.7
15000000 -16747.7
15010000 -16736.3
15020000 -16781.7
15030000 -16769
15040000 -16760.5
15050000 -16745.1
15060000 -16721
15070000 -16794.7
15080000 -16789.5
15090000 -16744.4
15100000 -16736.2
15110000 -16784.2
15120000 -16752.7
15130000 -16794.4
15140000 -16760.4
15150000 -16778
15160000 -16796.3
15170000 -16743.4
15180000 -16745.8
15190000 -16788.3
15200000 -16786.1
15210000 -16771.8
15220000 -16768
15230000 -16769.4
15240000 -16749.1
15250000 -16765.4
15260000 -16769.3
15270000 -16762.5
15280000 -16760.8
15290000 -16793.2
15300000 -16774.4
15310000 -16762.8
15320000 -16749.8
15330000 -16744.6
15340000 -16763.4
15350000 -16747
15360000 -16750.3
15370000 -16746
15380000 -16727
15390000 -16766
15400000 -16782.6
15410000 -16754.2
15420000 -16740.8
15430000 -16760.9
15440000 -16783
15450000 -16743.8
15460000 -16765.8
15470000 -16765.3
15480000 -16736
15490000 -16766.8
15500000 -16756.4
15510000 -16790.1
15520000 -16775.8
15530000 -16761.9
15540000 -16752.5
15550000 -16764.2
15560000 -16746.8
15570000 -16713.1
15580000 -16728.6
15590000 -16757.9
15600000 -16759.2
15610000 -16760.2
15620000 -16755.9
15630000 -16761.2
15640000 -16745.4
15650000 -16736.7
15660000 -16753
15670000 -16729.3
15680000 -16739.3
15690000 -16785.6
15700000 -16773.5
15710000 -16796.8
15720000 -16754.8
15730000 -16712.2
15740000 -16736.3
15750000 -16734.4
15760000 -16727.3
15770000 -16785.9
15780000 -16800.8
15790000 -16798.5
15800000 -16767.8
15810000 -16746.2
15820000 -16708.3
15830000 -16740.9
15840000 -16778.9
15850000 -16731.2
15860000 -16761.5
15870000 -16759.9
15880000 -16750.6
15890000 -16774.7
15900000 -16801.8
15910000 -16768.6
15920000 -16757.8
15930000 -16765.3
15940000 -16713.7
15950000 -16725.9
15960000 -16757.1
15970000 -16775.3
15980000 -16812.9
15990000 -16727.4
16000000 -16761
16010000 -16724
16020000 -16769
16030000 -16791.6
16040000 -16757.4
16050000 -16747
16060000 -16775.2
16070000 -16785.5
16080000 -16764.9
16090000 -16770.3
16100000 -16779.9
16110000 -16760
16120000 -16760.6
16130000 -16730.4
16140000 -16767
16150000 -16719.6
16160000 -16726.4
16170000 -16793.7
16180000 -16785.4
16190000 -16789
16200000 -16760.2
16210000 -16742.7
16220000 -16793.3
16230000 -16758.9
16240000 -16756.9
16250000 -16757.2
16260000 -16720.1
16270000 -16726.2
16280000 -16776.1
16290000 -16761
16300000 -16761.5
16310000 -16782.5
16320000 -16753.3
16330000 -16728.4
16340000 -16776.6
16350000 -16752.4
16360000 -16786.9
16370000 -16769.9
16380000 -16783.2
16390000 -16755.9
16400000 -16742.7
16410000 -16757.9
16420000 -16770.4
16430000 -16775.1
16440000 -16756.9
16450000 -16708.9
16460000 -16769.2
16470000 -16785.7
16480000 -16754.2
16490000 -16763.5
16500000 -16794.3
16510000 -16737.7
16520000 -16751.1
16530000 -16739.8
16540000 -16778.2
16550000 -16786.3
16560000 -16763.1
16570000 -16734.6
16580000 -16759.2
16590000 -16742.4
16600000 -16736.5
16610000 -16761.1
16620000 -16785.1
16630000 -16767.3
16640000 -16765.7
16650000 -16786.5
16660000 -16751.8
16670000 -16767.5
16680000 -16741
16690000 -16759.3
16700000 -16749.4
16710000 -16744.4
16720000 -16753.5
16730000 -16754.7
16740000 -16742
16750000 -16745.8
16760000 -16771.3
16770000 -16769.1
16780000 -16788.8
16790000 -16775.6
16800000 -16739.4
16810000 -16776.2
16820000 -16783.5
16830000 -16807.7
16840000 -16787.3
16850000 -16735.2
16860000 -16751.3
16870000 -16770.2
16880000 -16765.4
16890000 -16757.5
16900000 -16752
16910000 -16750.7
16920000 -16818.7
16930000 -16764.1
16940000 -16741.9
16950000 -16738
16960000 -16773.6
16970000 -16761.3
16980000 -16724.7
16990000 -16701.8
17000000 -16734.3
17010000 -16749.2
17020000 -16773.9
17030000 -16717.3
17040000 -16740
17050000 -16766.4
17060000 -16747.2
17070000 -16773.8
17080000 -16714.1
17090000 -16738.7
17100000 -16774.4
17110000 -16776.4
17120000 -16766.4
17130000 -16759.5
17140000 -16737.9
17150000 -16793.1
17160000 -16771.5
17170000 -16777.1
17180000 -16732.5
17190000 -16769.3
17200000 -16768.5
17210000 -16750
17220000 -16723.1
17230000 -16752.3
17240000 -16754.8
17250000 -16774.2
17260000 -16741
17270000 -16770.8
17280000 -16789.8
17290000 -16761
17300000 -16774.6
17310000 -16782.4
17320000 -16750.4
17330000 -16781
17340000 -16763.1
17350000 -16770.9
17360000 -16772
17370000 -16792.4
17380000 -16809.4
17390000 -16751.8
17400000 -16717.4
17410000 -16788.5
17420000 -16742.5
17430000 -16734.4
17440000 -16727.1
17450000 -16779.2
17460000 -16810.3
17470000 -16739.7
17480000 -16755.9
17490000 -16760
17500000 -16732.5
17510000 -16743.9
17520000 -16754.1
17530000 -16740.3
17540000 -16752.1
17550000 -16774.8
17560000 -16786.8
17570000 -16771.7
17580000 -16757.6
17590000 -16784.7
17600000 -16769
17610000 -16744.5
17620000 -16742
17630000 -16746.3
17640000 -16723.2
17650000 -16763
17660000 -16762.2
17670000 -16765
17680000 -16750
17690000 -16739.2
17700000 -16762.7
17710000 -16755.4
17720000 -16741.4
17730000 -16760.1
17740000 -16793.8
17750000 -16764.5
17760000 -16747
17770000 -16725.6
17780000 -16686.8
17790000 -16752.5
17800000 -16732.5
17810000 -16740.8
17820000 -16729.7
17830000 -16764.7
17840000 -16779.3
17850000 -16795.7
17860000 -16771.6
17870000 -16729.9
17880000 -16786.4
17890000 -16784.6
17900000 -16786.4
17910000 -16770.1
17920000 -16802.6
17930000 -16768.7
17940000 -16777.3
17950000 -16779.3
17960000 -16774
17970000 -16735.5
17980000 -16778.4
17990000 -16740.7
18000000 -16753.1
18010000 -16727.7
18020000 -16752.7
18030000 -16749.6
18040000 -16749
18050000 -16742.1
18060000 -16735.5
18070000 -16723.1
18080000 -16746.6
18090000 -16731.2
18100000 -16754.7
18110000 -16753.4
18120000 -16734.5
18130000 -16762.3
18140000 -16781.5
18150000 -16799.2
18160000 -16794.6
18170000 -16780
18180000 -16780
18190000 -16753.8
18200000 -16813
18210000 -16761.6
18220000 -16708.7
18230000 -16764
18240000 -16758.9
18250000 -16753.5
18260000 -16757.3
18270000 -16798.7
18280000 -16728.6
18290000 -16773.5
18300000 -16769.3
18310000 -16750.9
18320000 -16772.2
18330000 -16792.5
18340000 -16783.7
18350000 -16787
18360000 -16768.2
18370000 -16737.1
18380000 -16725
18390000 -16778.2
18400000 -16756.8
18410000 -16761.6
18420000 -16760.3
18430000 -16734.5
18440000 -16734.9
18450000 -16738.6
18460000 -16735.9
18470000 -16787.4
18480000 -16775.4
18490000 -16774
18500000 -16734
18510000 -16728.3
18520000 -16728.8
18530000 -16748.9
18540000 -16756.6
18550000 -16745.2
18560000 -16744.4
18570000 -16761
18580000 -16800.3
18590000 -16758
18600000 -16782.6
18610000 -16738.8
18620000 -16768.4
18630000 -16766.6
18640000 -16785.6
18650000 -16739.1
18660000 -16783.7
18670000 -16756
18680000 -16750.7
18690000 -16747.2
18700000 -16764.1
18710000 -16789.1
18720000 -16757.6
18730000 -16737.4
18740000 -16750.9
18750000 -16737.4
18760000 -16779.3
18770000 -16773.2
18780000 -16771
18790000 -16729.1
18800000 -16755.6
18810000 -16752.5
18820000 -16726.3
18830000 -16738.9
18840000 -16739.2
18850000 -16779.9
18860000 -16760.4
18870000 -16733.8
18880000 -16771.7
18890000 -16784.1
18900000 -16758.4
18910000 -16741.5
18920000 -16723.7
18930000 -16740.3
18940000 -16703
18950000 -16743.6
18960000 -16746.6
18970000 -16766.4
18980000 -16830.5
18990000 -16794.7
19000000 -16791
19010000 -16764.8
19020000 -16744.7
19030000 -16742.9
19040000 -16775.4
19050000 -16754.7
19060000 -16760.6
19070000 -16756.3
19080000 -16794.8
19090000 -16753.8
19100000 -16748.2
19110000 -16779.8
19120000 -16733
19130000 -16735.6
19140000 -16767.6
19150000 -16778.1
19160000 -16741.5
19170000 -16754.9
19180000 -16747.9
19190000 -16745.4
19200000 -16789.4
19210000 -16766.3
19220000 -16769.6
19230000 -16738.9
19240000 -16781.6
19250000 -16772.8
19260000 -16770.2
19270000 -16766.1
19280000 -16745.1
19290000 -16766.1
19300000 -16796.8
19310000 -16763.7
19320000 -16744.1
19330000 -16777.7
19340000 -16781.8
19350000 -16750.6
19360000 -16712
19370000 -16775.4
19380000 -16744.1
19390000 -16749.5
19400000 -16763.8
19410000 -16762.3
19420000 -16742.2
19430000 -16809.7
19440000 -16758.9
19450000 -16795.5
19460000 -16759.6
19470000 -16762.5
19480000 -16732.1
19490000 -16747.4
19500000 -16751.2
19510000 -16734.5
19520000 -16731.5
19530000 -16775.5
19540000 -16769.9
19550000 -16754.1
19560000 -16719.4
19570000 -16746.5
19580000 -16745
19590000 -16811.2
19600000 -16754.2
19610000 -16790.6
19620000 -16780.8
19630000 -16751.2
19640000 -16768.7
19650000 -16748.6
19660000 -16765
19670000 -16766.3
19680000 -16741.8
19690000 -16753.1
19700000 -16759
19710000 -16737.5
19720000 -16766.4
19730000 -16755.7
19740000 -16728.4
19750000 -16765.3
19760000 -16789
19770000 -16775.6
19780000 -16772.9
19790000 -16763.2
19800000 -16745.4
19810000 -16761
19820000 -16747.1
19830000 -16724.7
19840000 -16734.2
19850000 -16752.2
19860000 -16744.5
19870000 -16771.5
19880000 -16805
19890000 -16765.5
19900000 -16774.9
19910000 -16771.4
19920000 -16789.9
19930000 -16737.2
19940000 -16712.6
19950000 -16738.4
19960000 -16800.2
19970000 -16782.6
19980000 -16779.5
19990000 -16759.7
20000000 -16758.3
