# Time-averaged data for fix TEAve1
# TimeStep v_TotEn1
10000 -17122
20000 -17156.5
30000 -17137.3
40000 -17104.7
50000 -17137.4
60000 -17156.1
70000 -17130.9
80000 -17139.4
90000 -17100.2
100000 -17117.9
110000 -17092.3
120000 -17107.8
130000 -17113.4
140000 -17125.8
150000 -17109.5
160000 -17111.9
170000 -17128.3
180000 -17129.2
190000 -17135.1
200000 -17146.9
210000 -17174.6
220000 -17177.2
230000 -17116.2
240000 -17123.6
250000 -17147.2
260000 -17137.8
270000 -17152.5
280000 -17154.2
290000 -17112.4
300000 -17117
310000 -17107.6
320000 -17116.5
330000 -17135.6
340000 -17142.8
350000 -17115
360000 -17096
370000 -17134.6
380000 -17098.8
390000 -17095.8
400000 -17077.7
410000 -17132.8
420000 -17130.9
430000 -17150.1
440000 -17138.9
450000 -17085.7
460000 -17153.1
470000 -17156.1
480000 -17143
490000 -17134.9
500000 -17101.4
510000 -17083.9
520000 -17091.2
530000 -17118.7
540000 -17102.6
550000 -17119.1
560000 -17110.9
570000 -17107.3
580000 -17122.5
590000 -17099.4
600000 -17105.9
610000 -17122.3
620000 -17153.7
630000 -17145.4
640000 -17142.5
650000 -17154.3
660000 -17129.6
670000 -17116.6
680000 -17137.7
690000 -17086.5
700000 -17060.7
710000 -17048.3
720000 -17109.6
730000 -17110.5
740000 -17106.8
750000 -17161
760000 -17116.8
770000 -17128.1
780000 -17124.8
790000 -17126.2
800000 -17101.9
810000 -17130.1
820000 -17131.5
830000 -17160.5
840000 -17149.2
850000 -17152.3
860000 -17114.9
870000 -17090.4
880000 -17141.8
890000 -17135.9
900000 -17113.9
910000 -17099.4
920000 -17122.6
930000 -17092.9
940000 -17106.1
950000 -17120.4
960000 -17122.4
970000 -17133.6
980000 -17101.7
990000 -17084
1000000 -17151.3
1010000 -17144.4
1020000 -17120.9
1030000 -17151.3
1040000 -17115.4
1050000 -17125.5
1060000 -17122.6
1070000 -17107.2
1080000 -17112.6
1090000 -17127.3
1100000 -17108
1110000 -17097.3
1120000 -17105.8
1130000 -17150.6
1140000 -17136.6
1150000 -17156.4
1160000 -17109.2
1170000 -17119.7
1180000 -17150.4
1190000 -17113.5
1200000 -17150
1210000 -17094.3
1220000 -17098
1230000 -17145.5
1240000 -17133.6
1250000 -17108.1
1260000 -17153.1
1270000 -17110.6
1280000 -17123.7
1290000 -17109.4
1300000 -17100.4
1310000 -17124.3
1320000 -17116.7
1330000 -17076.4
1340000 -17096.7
1350000 -17124.6
1360000 -17126.9
1370000 -17115.7
1380000 -17145.1
1390000 -17094.1
1400000 -17115.5
1410000 -17105.7
1420000 -17128.1
1430000 -17108.1
1440000 -17122.7
1450000 -17115.9
1460000 -17145.5
1470000 -17157.8
1480000 -17134.4
1490000 -17156
1500000 -17125.2
1510000 -17127.5
1520000 -17132.8
1530000 -17117
1540000 -17144.1
1550000 -17120.5
1560000 -17133.1
1570000 -17061.5
1580000 -17081.7
1590000 -17074.9
1600000 -17123.1
1610000 -17098.1
1620000 -17124.1
1630000 -17093.8
1640000 -17114
1650000 -17098.5
1660000 -17097.8
1670000 -17119.1
1680000 -17151.5
1690000 -17114.5
1700000 -17133.6
1710000 -17091.8
1720000 -17113
1730000 -17121.4
1740000 -17131.1
1750000 -17100.3
1760000 -17123.7
1770000 -17074.4
1780000 -17113.7
1790000 -17102.9
1800000 -17147.1
1810000 -17129.2
1820000 -17133.7
1830000 -17097
1840000 -17109.7
1850000 -17152.6
1860000 -17127
1870000 -17112.2
1880000 -17117.5
1890000 -17148.9
1900000 -17114.7
1910000 -17097.2
1920000 -17135.5
1930000 -17112.6
1940000 -17104
1950000 -17101.6
1960000 -17114.1
1970000 -17127.5
1980000 -17136.9
1990000 -17136.9
2000000 -17076.2
2010000 -17095.7
2020000 -17108.8
2030000 -17092.1
2040000 -17123.2
2050000 -17175.7
2060000 -17148.2
2070000 -17123.8
2080000 -17105.8
2090000 -17136.3
2100000 -17125.7
2110000 -17131
2120000 -17146.4
2130000 -17102
2140000 -17085
2150000 -17096.1
2160000 -17130.2
2170000 -17156.2
2180000 -17146.9
2190000 -17155.1
2200000 -17121.2
2210000 -17092.2
2220000 -17088.5
2230000 -17119.8
2240000 -17100.3
2250000 -17122.9
2260000 -17108
2270000 -17134.7
2280000 -17131.7
2290000 -17132.8
2300000 -17145
2310000 -17072.5
2320000 -17112.7
2330000 -17137.1
2340000 -17089.3
2350000 -17135.2
2360000 -17100.7
2370000 -17135.3
2380000 -17112.3
2390000 -17126.5
2400000 -17119.6
2410000 -17173.9
2420000 -17117
2430000 -17094.8
2440000 -17116.4
2450000 -17096.7
2460000 -17124.8
2470000 -17102.9
2480000 -17137.2
2490000 -17156.8
2500000 -17174.2
2510000 -17135.8
2520000 -17111
2530000 -17121.3
2540000 -17126
2550000 -17107.4
2560000 -17125.3
2570000 -17068.2
2580000 -17125
2590000 -17115.7
2600000 -17142
2610000 -17168.1
2620000 -17155.6
2630000 -17141.1
2640000 -17114.7
2650000 -17087.2
2660000 -17095.6
2670000 -17112
2680000 -17088.3
2690000 -17127.6
2700000 -17122.7
2710000 -17132.4
2720000 -17121.8
2730000 -17107.5
2740000 -17120.4
2750000 -17106.3
2760000 -17126
2770000 -17100.6
2780000 -17124
2790000 -17171.4
2800000 -17170.9
2810000 -17094.3
2820000 -17131
2830000 -17135.1
2840000 -17106.5
2850000 -17105.2
2860000 -17116.7
2870000 -17078.8
2880000 -17119.6
2890000 -17135.2
2900000 -17084.4
2910000 -17087.4
2920000 -17147.1
2930000 -17137
2940000 -17154.6
2950000 -17140.5
2960000 -17103.2
2970000 -17134
2980000 -17117.2
2990000 -17126.7
3000000 -17136.2
3010000 -17127.6
3020000 -17124.2
3030000 -17110.2
3040000 -17115.5
3050000 -17116.4
3060000 -17116
3070000 -17113.9
3080000 -17110.2
3090000 -17085.5
3100000 -17120.1
3110000 -17120.7
3120000 -17122.9
3130000 -17088.4
3140000 -17088.3
3150000 -17096.7
3160000 -17104
3170000 -17126.6
3180000 -17096.9
3190000 -17124.3
3200000 -17138.9
3210000 -17148
3220000 -17134.4
3230000 -17178.6
3240000 -17125
3250000 -17170.5
3260000 -17142.2
3270000 -17118
3280000 -17095.4
3290000 -17091.5
3300000 -17144.5
3310000 -17164
3320000 -17108.8
3330000 -17059.4
3340000 -17133.7
3350000 -17119.2
3360000 -17125.3
3370000 -17106
3380000 -17131
3390000 -17127.3
3400000 -17115.2
3410000 -17123.1
3420000 -17141.5
3430000 -17129.7
3440000 -17117.1
3450000 -17150.9
3460000 -17141.5
3470000 -17135.9
3480000 -17103.8
3490000 -17088.6
3500000 -17142.3
3510000 -17142.5
3520000 -17117.3
3530000 -17156.7
3540000 -17104.8
3550000 -17143.4
3560000 -17141.6
3570000 -17076.9
3580000 -17094.2
3590000 -17113.6
3600000 -17118.3
3610000 -17115.5
3620000 -17124.9
3630000 -17132.4
3640000 -17129.2
3650000 -17097.9
3660000 -17123.6
3670000 -17110.3
3680000 -17107.6
3690000 -17110.4
3700000 -17092.5
3710000 -17115.9
3720000 -17141.8
3730000 -17135.6
3740000 -17122
3750000 -17100.4
3760000 -17062.1
3770000 -17106.4
3780000 -17127.1
3790000 -17108.8
3800000 -17094
3810000 -17109.8
3820000 -17127.6
3830000 -17105.5
3840000 -17103.1
3850000 -17094
3860000 -17119.9
3870000 -17109.9
3880000 -17113.2
3890000 -17165.6
3900000 -17144.8
3910000 -17103.9
3920000 -17116.4
3930000 -17125.4
3940000 -17147.7
3950000 -17131.1
3960000 -17124.2
3970000 -17152.1
3980000 -17076.1
3990000 -17132.7
4000000 -17104.2
4010000 -17107.5
4020000 -17096.4
4030000 -17070.6
4040000 -17132.4
4050000 -17123.6
4060000 -17116
4070000 -17101
4080000 -17100.7
4090000 -17086
4100000 -17111.3
4110000 -17112.6
4120000 -17117.5
4130000 -17155.1
4140000 -17102.3
4150000 -17079
4160000 -17144.4
4170000 -17144.6
4180000 -17150.9
4190000 -17112.9
4200000 -17121.1
4210000 -17121.5
4220000 -17126.4
4230000 -17073.3
4240000 -17045.9
4250000 -17161.8
4260000 -17123.6
4270000 -17114.4
4280000 -17117.6
4290000 -17131.2
4300000 -17121.8
4310000 -17128.5
4320000 -17108.1
4330000 -17124.4
4340000 -17101.3
4350000 -17132.1
4360000 -17123.4
4370000 -17119.5
4380000 -17116.2
4390000 -17123.1
4400000 -17122
4410000 -17162.2
4420000 -17158
4430000 -17119.8
4440000 -17156.8
4450000 -17138
4460000 -17146.5
4470000 -17135.4
4480000 -17140.6
4490000 -17108
4500000 -17139.1
4510000 -17165.5
4520000 -17159
4530000 -17093.2
4540000 -17112.6
4550000 -17132
4560000 -17111.8
4570000 -17114.1
4580000 -17072.1
4590000 -17104.9
4600000 -17110.1
4610000 -17144.4
4620000 -17159.4
4630000 -17106.7
4640000 -17134.9
4650000 -17160
4660000 -17147.1
4670000 -17145.9
4680000 -17122.4
4690000 -17084.3
4700000 -17123.5
4710000 -17127.2
4720000 -17126.2
4730000 -17146.5
4740000 -17154.1
4750000 -17113
4760000 -17131.7
4770000 -17091.9
4780000 -17137.5
4790000 -17093.4
4800000 -17139.1
4810000 -17127.8
4820000 -17143.4
4830000 -17143.2
4840000 -17148.4
4850000 -17154.4
4860000 -17141.1
4870000 -17117.7
4880000 -17096.6
4890000 -17119.3
4900000 -17125.8
4910000 -17128.6
4920000 -17095.6
4930000 -17122.9
4940000 -17119.3
4950000 -17097.8
4960000 -17123.8
4970000 -17084
4980000 -17062
4990000 -17093.5
5000000 -17142.7
