Water at 298 K and 1 atm
#NOTE: MSDs should be divided by the temperature.
#NOTE: MSDs have been divided by 2 or 10 (i.e., the viscosity computed from all components).
#Time	MSD_xx	MSD_yy	MSD_zz	MSD_xy	MSD_xz	MSD_yz	MSD_off	MSD_all	MSD_bulkvisc
 10 2.0842e+09 2.08456e+09 2.08139e+09 2.08106e+09 2.08552e+09 2.08646e+09 2.08434e+09 2.08396e+09 2.56762e+09
 20 7.53195e+09 7.53216e+09 7.52115e+09 7.51966e+09 7.5377e+09 7.54205e+09 7.53314e+09 7.53125e+09 9.82937e+09
 30 1.51271e+10 1.51262e+10 1.51054e+10 1.51008e+10 1.51428e+10 1.51534e+10 1.51323e+10 1.51272e+10 2.10166e+10
 40 2.39362e+10 2.39329e+10 2.39025e+10 2.38934e+10 2.397e+10 2.39893e+10 2.39509e+10 2.39401e+10 3.54545e+10
 50 3.33609e+10 3.33513e+10 3.33134e+10 3.33017e+10 3.34218e+10 3.34519e+10 3.33918e+10 3.33718e+10 5.26137e+10
 60 4.29982e+10 4.29741e+10 4.29326e+10 4.29229e+10 4.30923e+10 4.31366e+10 4.30506e+10 4.30177e+10 7.20429e+10
 70 5.26109e+10 5.25605e+10 5.25203e+10 5.25177e+10 5.27399e+10 5.28039e+10 5.26872e+10 5.26378e+10 9.337e+10
 80 6.21746e+10 6.2084e+10 6.20513e+10 6.20611e+10 6.23379e+10 6.24296e+10 6.22762e+10 6.2207e+10 1.16311e+11
 90 7.18102e+10 7.16649e+10 7.16456e+10 7.1674e+10 7.2008e+10 7.21358e+10 7.19393e+10 7.18463e+10 1.40658e+11
 100 8.17252e+10 8.15109e+10 8.15092e+10 8.15619e+10 8.19585e+10 8.21282e+10 8.18829e+10 8.17624e+10 1.66288e+11
 110 9.21726e+10 9.18773e+10 9.18934e+10 9.19754e+10 9.24414e+10 9.26556e+10 9.23575e+10 9.22069e+10 1.93153e+11
 120 1.03374e+11 1.02991e+11 1.03021e+11 1.03135e+11 1.03679e+11 1.03935e+11 1.03583e+11 1.03401e+11 2.21241e+11
 130 1.15461e+11 1.14986e+11 1.15023e+11 1.15169e+11 1.15802e+11 1.16094e+11 1.15688e+11 1.15476e+11 2.50526e+11
 140 1.28463e+11 1.27895e+11 1.27931e+11 1.28108e+11 1.28839e+11 1.29161e+11 1.28702e+11 1.2846e+11 2.80961e+11
 150 1.42321e+11 1.4166e+11 1.41686e+11 1.41892e+11 1.42729e+11 1.43078e+11 1.42566e+11 1.42295e+11 3.12471e+11
 160 1.56909e+11 1.56155e+11 1.56166e+11 1.564e+11 1.57347e+11 1.57724e+11 1.57157e+11 1.56858e+11 3.44962e+11
 170 1.72078e+11 1.71233e+11 1.71225e+11 1.71488e+11 1.7255e+11 1.72961e+11 1.72333e+11 1.72005e+11 3.78337e+11
 180 1.87695e+11 1.86764e+11 1.86734e+11 1.87033e+11 1.8821e+11 1.88665e+11 1.87969e+11 1.87607e+11 4.12508e+11
 190 2.03667e+11 2.02654e+11 2.026e+11 2.02943e+11 2.04238e+11 2.04752e+11 2.03978e+11 2.03576e+11 4.47402e+11
 200 2.19945e+11 2.18852e+11 2.18772e+11 2.19173e+11 2.20585e+11 2.21173e+11 2.2031e+11 2.19862e+11 4.82965e+11
 200 2.19705e+11 2.18575e+11 2.1856e+11 2.18934e+11 2.20226e+11 2.20964e+11 2.20041e+11 2.19603e+11 4.82772e+11
 400 6.23356e+11 6.18567e+11 6.16886e+11 6.2053e+11 6.25082e+11 6.2871e+11 6.24774e+11 6.22706e+11 1.33121e+12
 600 1.15908e+12 1.14613e+12 1.14259e+12 1.15086e+12 1.15975e+12 1.16702e+12 1.15921e+12 1.15523e+12 2.44582e+12
 800 1.79938e+12 1.77451e+12 1.76919e+12 1.78221e+12 1.79805e+12 1.80726e+12 1.79584e+12 1.78991e+12 3.79644e+12
 1000 2.52558e+12 2.48362e+12 2.47787e+12 2.49682e+12 2.51779e+12 2.53164e+12 2.51542e+12 2.50753e+12 5.33525e+12
 1200 3.32351e+12 3.25951e+12 3.25385e+12 3.28127e+12 3.30616e+12 3.32468e+12 3.30404e+12 3.294e+12 7.03239e+12
 1400 4.18272e+12 4.09104e+12 4.08616e+12 4.12229e+12 4.15184e+12 4.17427e+12 4.14946e+12 4.13767e+12 8.87022e+12
 1600 5.09538e+12 4.97095e+12 4.96622e+12 5.01092e+12 5.04558e+12 5.07213e+12 5.04288e+12 5.03007e+12 1.08288e+13
 1800 6.05419e+12 5.8928e+12 5.88851e+12 5.94189e+12 5.98095e+12 6.01091e+12 5.97792e+12 5.96482e+12 1.28897e+13
 2000 7.05199e+12 6.85101e+12 6.84714e+12 6.90916e+12 6.95132e+12 6.98443e+12 6.9483e+12 6.93567e+12 1.50409e+13
 2200 8.08245e+12 7.83937e+12 7.83513e+12 7.90693e+12 7.95094e+12 7.98926e+12 7.94904e+12 7.93702e+12 1.72731e+13
 2400 9.14283e+12 8.85267e+12 8.8499e+12 8.93335e+12 8.97529e+12 9.02172e+12 8.97679e+12 8.96546e+12 1.95762e+13
 2600 1.02285e+13 9.88769e+12 9.88659e+12 9.98286e+12 1.00212e+13 1.00801e+13 1.0028e+13 1.00172e+13 2.19447e+13
 2800 1.13364e+13 1.09408e+13 1.09425e+13 1.10523e+13 1.10876e+13 1.11631e+13 1.1101e+13 1.10899e+13 2.43739e+13
 3000 1.24646e+13 1.20112e+13 1.20168e+13 1.21405e+13 1.21717e+13 1.22681e+13 1.21935e+13 1.21818e+13 2.68561e+13
 3200 1.36109e+13 1.30975e+13 1.31069e+13 1.32459e+13 1.32708e+13 1.33932e+13 1.33033e+13 1.32907e+13 2.93901e+13
 3400 1.47726e+13 1.41958e+13 1.42102e+13 1.43662e+13 1.43826e+13 1.45356e+13 1.44282e+13 1.4414e+13 3.19741e+13
 3600 1.59484e+13 1.53048e+13 1.53254e+13 1.54993e+13 1.55071e+13 1.56952e+13 1.55672e+13 1.55508e+13 3.46021e+13
 3800 1.71358e+13 1.64245e+13 1.64492e+13 1.66459e+13 1.66433e+13 1.68697e+13 1.67196e+13 1.66997e+13 3.7266e+13
 4000 1.83342e+13 1.7554e+13 1.75846e+13 1.78038e+13 1.77904e+13 1.80584e+13 1.78842e+13 1.78602e+13 3.99613e+13
 4000 1.83438e+13 1.7543e+13 1.76008e+13 1.79807e+13 1.77947e+13 1.80692e+13 1.79482e+13 1.79006e+13 3.99367e+13
 8000 4.37814e+13 4.14238e+13 4.17518e+13 4.25965e+13 4.15302e+13 4.34789e+13 4.25352e+13 4.24487e+13 9.83548e+13
 12000 6.996e+13 6.70671e+13 6.65888e+13 6.84301e+13 6.66768e+13 6.99876e+13 6.83648e+13 6.81677e+13 1.63554e+14
 16000 9.66992e+13 9.32921e+13 9.08884e+13 9.46533e+13 9.20989e+13 9.69512e+13 9.45678e+13 9.41913e+13 2.30013e+14
 20000 1.23805e+14 1.19847e+14 1.15312e+14 1.21115e+14 1.18248e+14 1.24311e+14 1.21225e+14 1.20597e+14 2.97196e+14
 24000 1.51379e+14 1.46352e+14 1.39506e+14 1.47666e+14 1.44321e+14 1.51477e+14 1.47821e+14 1.46991e+14 3.65251e+14
 28000 1.7927e+14 1.72649e+14 1.63154e+14 1.73739e+14 1.70198e+14 1.79157e+14 1.74365e+14 1.73295e+14 4.33722e+14
 32000 2.07713e+14 1.9917e+14 1.86638e+14 1.99754e+14 1.95802e+14 2.07304e+14 2.00953e+14 1.99708e+14 5.0391e+14
 36000 2.36309e+14 2.26512e+14 2.10729e+14 2.25867e+14 2.22226e+14 2.3572e+14 2.27938e+14 2.26569e+14 5.75708e+14
 40000 2.65356e+14 2.54211e+14 2.34697e+14 2.51684e+14 2.47724e+14 2.63434e+14 2.54281e+14 2.53137e+14 6.47683e+14
 44000 2.9494e+14 2.82347e+14 2.58919e+14 2.77132e+14 2.73797e+14 2.90674e+14 2.80534e+14 2.79815e+14 7.18355e+14
 48000 3.25012e+14 3.11022e+14 2.83336e+14 3.02981e+14 2.9966e+14 3.18465e+14 3.07035e+14 3.06804e+14 7.89799e+14
 52000 3.55363e+14 3.40504e+14 3.07882e+14 3.2892e+14 3.2586e+14 3.46506e+14 3.33762e+14 3.3409e+14 8.61948e+14
 56000 3.85977e+14 3.70015e+14 3.32945e+14 3.55338e+14 3.52304e+14 3.74457e+14 3.607e+14 3.61611e+14 9.33928e+14
 60000 4.16688e+14 3.99435e+14 3.57681e+14 3.82392e+14 3.79123e+14 4.01919e+14 3.87811e+14 3.89194e+14 1.00591e+15
 64000 4.48406e+14 4.28367e+14 3.82629e+14 4.10261e+14 4.06195e+14 4.2868e+14 4.15045e+14 4.16948e+14 1.07867e+15
 68000 4.80536e+14 4.56195e+14 4.07907e+14 4.38819e+14 4.33555e+14 4.54926e+14 4.42433e+14 4.44745e+14 1.15308e+15
 72000 5.12596e+14 4.83564e+14 4.3311e+14 4.68032e+14 4.61122e+14 4.82016e+14 4.7039e+14 4.72803e+14 1.22704e+15
 76000 5.44256e+14 5.11212e+14 4.5844e+14 4.98125e+14 4.88706e+14 5.09873e+14 4.98901e+14 5.01195e+14 1.30196e+15
 80000 5.75784e+14 5.39017e+14 4.83637e+14 5.29331e+14 5.16111e+14 5.37598e+14 5.2768e+14 5.29733e+14 1.37732e+15
 80000 5.98479e+14 5.56155e+14 5.20226e+14 5.90662e+14 5.00395e+14 5.39262e+14 5.4344e+14 5.49378e+14 1.36039e+15
 160000 1.13735e+15 1.08889e+15 9.59914e+14 1.28033e+15 1.07835e+15 1.09573e+15 1.15147e+15 1.1157e+15 2.73961e+15
 240000 1.65602e+15 1.51839e+15 1.36515e+15 2.04565e+15 1.61481e+15 1.71424e+15 1.79157e+15 1.68022e+15 4.27049e+15
 320000 2.23715e+15 1.929e+15 1.72681e+15 2.82179e+15 2.19196e+15 2.27086e+15 2.4282e+15 2.24265e+15 5.78841e+15
 400000 2.90514e+15 2.4577e+15 2.17694e+15 3.57361e+15 2.79864e+15 2.79792e+15 3.05672e+15 2.83934e+15 7.20036e+15
 480000 3.52441e+15 2.98113e+15 2.71234e+15 4.40449e+15 3.51245e+15 3.33458e+15 3.75051e+15 3.47936e+15 8.26187e+15
 560000 4.08551e+15 3.42943e+15 3.24753e+15 5.25371e+15 4.09224e+15 3.91299e+15 4.41965e+15 4.08679e+15 9.09942e+15
 640000 4.6659e+15 3.81681e+15 3.81321e+15 6.09438e+15 4.54953e+15 4.5078e+15 5.05057e+15 4.6698e+15 1.01374e+16
 720000 5.18246e+15 4.17693e+15 4.27342e+15 6.83387e+15 4.99225e+15 5.09039e+15 5.63884e+15 5.20101e+15 1.0945e+16
 800000 5.71209e+15 4.54976e+15 4.71991e+15 7.59058e+15 5.37472e+15 5.74788e+15 6.23773e+15 5.7402e+15 1.14861e+16
 880000 6.29592e+15 4.8509e+15 5.17124e+15 8.30871e+15 5.78918e+15 6.47114e+15 6.85634e+15 6.28955e+15 1.19456e+16
 960000 6.89475e+15 5.11601e+15 5.67282e+15 9.02544e+15 6.29751e+15 7.17107e+15 7.498e+15 6.85661e+15 1.22545e+16
 1.04e+06 7.39145e+15 5.30365e+15 6.06291e+15 9.72863e+15 6.83303e+15 7.96288e+15 8.17485e+15 7.40598e+15 1.25491e+16
 1.12e+06 7.97396e+15 5.41247e+15 6.47873e+15 1.05519e+16 7.49937e+15 8.69436e+15 8.91521e+15 7.99782e+15 1.29384e+16
 1.2e+06 8.42635e+15 5.48891e+15 6.91841e+15 1.13589e+16 8.19898e+15 9.52234e+15 9.69341e+15 8.59387e+15 1.37062e+16
 1.28e+06 8.75851e+15 5.53449e+15 7.35183e+15 1.20561e+16 8.94259e+15 1.03397e+16 1.04462e+16 9.15367e+15 1.45614e+16
 1.36e+06 9.07446e+15 5.69797e+15 7.91401e+15 1.26439e+16 9.74233e+15 1.1099e+16 1.11617e+16 9.7219e+15 1.58003e+16
 1.44e+06 9.42884e+15 5.907e+15 8.45994e+15 1.31321e+16 1.0466e+16 1.1772e+16 1.17901e+16 1.02468e+16 1.70758e+16
 1.52e+06 9.7998e+15 6.17728e+15 8.9924e+15 1.36316e+16 1.11661e+16 1.24532e+16 1.2417e+16 1.07794e+16 1.8368e+16
 1.6e+06 1.01858e+16 6.43101e+15 9.46893e+15 1.3922e+16 1.17807e+16 1.31988e+16 1.29672e+16 1.12584e+16 1.96046e+16
 1.6e+06 7.05161e+15 5.65422e+15 9.88874e+15 1.52079e+16 9.77876e+15 9.85608e+15 1.16142e+16 9.98116e+15 2.4453e+16
 3.2e+06 1.98001e+16 1.37134e+16 1.75991e+16 3.08027e+16 2.3045e+16 2.43113e+16 2.6053e+16 2.24468e+16 1.97737e+16
 4.8e+06 3.66198e+16 2.32139e+16 3.60995e+16 4.22357e+16 4.58835e+16 4.37797e+16 4.39663e+16 3.91709e+16 3.94335e+16
 6.4e+06 4.67876e+16 4.09426e+16 5.27703e+16 7.59527e+16 7.09712e+16 6.50612e+16 7.06617e+16 6.11304e+16 5.73171e+16
 8e+06 6.38589e+16 5.96781e+16 7.1996e+16 1.2078e+17 8.88096e+16 9.09621e+16 1.00184e+17 8.61814e+16 5.18231e+16
 9.6e+06 6.56933e+16 8.29981e+16 7.91754e+16 1.3839e+17 1.12388e+17 1.08403e+17 1.19727e+17 1.02219e+17 8.05065e+16
 1.12e+07 7.04224e+16 1.12825e+17 8.02092e+16 1.84741e+17 1.323e+17 1.25347e+17 1.47463e+17 1.23605e+17 4.63258e+16
 1.28e+07 6.97745e+16 1.38696e+17 6.63485e+16 2.77988e+17 1.37909e+17 1.32081e+17 1.82659e+17 1.46238e+17 6.72671e+16
 1.44e+07 8.12985e+16 1.55907e+17 6.08983e+16 3.48549e+17 1.20936e+17 1.22369e+17 1.97285e+17 1.58118e+17 2.15756e+16
 1.6e+07 7.09286e+16 1.70257e+17 4.06764e+16 4.08798e+17 1.0029e+17 9.42663e+16 2.01118e+17 1.58252e+17 2.71417e+16
 1.76e+07 6.98085e+16 1.57345e+17 2.62971e+16 6.17333e+17 1.03853e+17 6.30624e+16 2.61416e+17 1.90643e+17 2.95321e+16
 1.92e+07 9.53703e+16 1.0182e+17 1.05495e+14 7.76983e+17 5.92226e+16 3.42333e+16 2.90146e+17 2.00394e+17 1.14876e+16
